11
13
14
8
4
11
13
12
13
7
13
10
13
5
8
10
14
17
11
8
9
14
14
6
13
5
9
8
10
12
6
7
5
16
10
12
10
9
9
10
8
10
8
6
7
13
12
9
9
8
11
9
7
12
8
9
4
6
1
9
9
7
9
7
7
8
10
6
7
10
6
11
4
12
8
5
9
8
8
6
9
7
6
7
7
8
6
7
8
10
2
7
8
7
5
6
10
8
3
9
8
6
9
7
13
2
7
9
5
10
7
9
10
8
10
6
10
6
3
6
6
10
9
2
7
8
6
11
8
9
5
4
10
8
5
5
6
7
5
6
4
10
10
11
1
9
8
4
4
8
4
9
5
7
6
4
8
5
8
10
7
6
4
7
7
8
6
3
7
4
7
9
9
3
6
2
10
12
7
18
8
14
13
14
14
23
22
32
47
46
67
91
116
113
121
152
105
74
40
30
7
7
4
10
7
5
11
10
13
10
8
8
10
7
4
9
10
10
10
6
15
7
9
3
13
5
10
8
12
6
8
4
10
8
4
6
9
3
4
10
6
7
9
5
8
13
8
10
8
5
6
3
9
9
7
9
8
6
8
6
11
10
7
8
10
6
6
7
6
6
12
9
10
8
5
9
13
4
8
9
4
11
8
15
7
11
5
10
9
8
13
11
10
8
9
10
9
5
13
10
3
7
10
5
7
6
7
9
7
6
6
3
9
8
12
8
7
8
7
11
9
13
13
4
10
9
6
6
7
7
7
6
10
6
8
5
3
6
8
9
12
7
10
6
3
8
10
7
8
6
6
5
10
10
11
6
5
10
7
9
10
7
10
9
6
5
11
9
6
14
5
6
12
6
6
9
11
8
10
9
7
11
11
6
3
13
11
11
14
13
11
11
10
11
8
10
9
7
8
7
11
15
3
11
14
12
2
13
9
12
4
6
9
11
10
7
6
6
9
6
9
6
3
4
