5
5
7
8
4
5
3
8
7
3
6
7
7
3
9
4
3
4
6
6
6
8
8
6
6
7
10
8
5
6
6
6
4
4
7
2
4
5
4
5
7
10
9
9
2
5
8
9
5
3
7
2
3
4
5
3
6
4
5
7
4
3
5
6
4
6
7
3
6
6
8
8
9
4
6
6
2
11
3
4
2
3
7
3
4
7
2
6
5
4
4
5
3
1
2
5
5
10
6
4
5
3
1
4
4
4
6
5
8
6
5
4
5
6
6
3
7
4
5
7
11
18
14
14
21
32
35
41
54
61
88
94
103
107
70
42
21
19
14
10
7
10
5
14
13
9
11
9
12
7
5
7
14
9
7
10
11
6
18
12
12
10
11
8
11
12
7
15
6
7
7
12
9
11
11
15
10
8
7
9
8
3
6
11
10
7
6
5
7
13
10
6
8
13
9
12
6
10
17
8
4
9
10
7
9
9
11
11
4
10
7
6
6
15
12
15
7
8
7
11
8
7
11
5
13
7
8
11
9
9
7
9
15
10
13
11
11
8
13
9
10
14
16
8
