1535
1581
1534
1505
1508
1536
1537
1636
1561
1442
1555
1556
1591
1551
1605
1555
1508
1588
1628
1584
1627
1575
1584
1615
1538
1601
1659
1559
1584
1610
1615
1620
1609
1625
1620
1636
1615
1629
1622
1619
1640
1595
1634
1647
1661
1660
1626
1599
1669
1723
1702
1562
1660
1699
1696
1720
1724
1650
1705
1740
1707
1634
1734
1828
1765
1774
1737
1720
1703
1694
1776
1707
1783
1702
1681
1709
1777
1755
1693
1744
1695
1773
1772
1716
1736
1761
1811
1796
1770
1751
1765
1874
1969
1941
1940
1902
1849
1827
1804
1802
1759
1830
1863
1749
1745
1789
1839
1798
1798
1817
1814
1816
1761
1903
1798
1900
2016
2210
2409
2872
3384
3990
4791
5180
5483
5154
4610
3805
2918
2384
2099
1852
1873
1863
1867
1901
1850
1833
1862
1791
1929
1916
1832
1842
1829
1832
1886
1854
1895
1907
1915
1871
1839
1780
1866
1893
1805
1907
1939
1946
1879
1899
1802
1882
1893
1849
1980
1875
1927
1725
1898
1886
1819
1840
1837
1813
1786
1887
1856
1829
1864
1729
1763
1823

