123
149
158
138
150
153
153
136
123
144
169
135
120
138
145
129
140
142
159
125
144
143
163
163
137
131
157
140
127
168
155
153
134
162
169
150
159
168
182
162
179
164
140
146
142
162
150
135
146
152
125
136
144
143
145
152
127
149
136
142
151
130
135
152
121
140
161
149
144
126
142
124
133
132
153
124
120
140
126
136
119
137
147
146
140
150
150
141
129
139
130
147
128
163
156
153
138
133
158
140
145
137
144
136
149
155
124
157
151
155
145
153
141
131
149
128
164
137
121
138
144
132
148
126
144
136
171
161
129
168
144
161
161
143
170
161
184
168
194
189
199
172
205
205
223
219
224
252
257
243
233
270
201
200
183
153
173
174
148
142
157
149
141
151
143
136
152
153
158
143
153
171
141
152
153
145
156
141
142
153
150
135
132
139
144
157
161
154
140
137
159
157
144
146
136
151
140
150
168
163
150
143
159
158
156
150
151
167
158
164
177
153
156
160
178
144
137
168
159
172
161
181
159
187
179
182
165
164
169
174
169
145
180
152
148
162
152
153
142
130
174
156
165
166
169
161
148
137
145
174
151
152
135
134
137
148
137
163
149
144
144
148
144
152
158
151
121
157
175
135
172
146
152
153
158
135
136
178
150
147
142
163
161
176
140
165
157
161
158
153
138
132
133
134
166
155
166
150
160
153
132
160
167
142
150
124
158
147
159
160
165
138
158
145
161
160
162
155
164
156
156
156
158
169
166
158
135
144
142
178
154
150
157
172
152
161
132
164
160
157
152
138
138
161
176
164
161
149
159
156
165
178
174
161
138
137
160
159
166
162
172
137
136
154
169
163
171
158
150
167
151
133
158
152
131
157
162
149
156
137
131
154
152
155
162
141
169
142
130
144
150
149
147
147
151
146
154
156
141
110
149
131
150
131
162
136
136
122
164
147
156
115
181
134
148
144
123
117
136
129
149
129
120
133
129
143
162
145
150
156
144
119
145
156
137
145
153
134
137
158
138
148
145
133
136
167
158
137
145
136
153
143
154
161
130
124
151
150
144
136
134
157
146
149
147
135
145
136
155
136
132
131
125
137
167
135
136
149
132
135
138
148
163
131
136
152
161
136
166
129
152
142
146
127
133
157
141
157
139
140
135
134
157
146
99
149
128
159
136
134
148
161
137
139
114
134
125
134
142
111
131
129
132
141
131
125
148
123
134
138
135
135
142
135
154
124
123
147
112
136
115
148
136
113
145
141
134
119
160
139
140
137
142
136
127
152
135
146
148
121
109
135
138
121
129
138
105
132
142
139
132
133
112
136
145
138
131
134
131
121
129
136
130
126
131
143
128
127
141
124
133
129
139
131
143
138
145
148
121
128
140
128
135
114
123
127
125
141
139
128
136
131
141
133
150
136
132
136
116
134
137
136
141
129
135
177
165
157
149
129
161
136
172
155
158
177
151
176
208
182
189
172
162
167
182
156
180
163
158
140
147
125
150
130
130
142
142
125
132
137
132
129
129
131
142
131
135
158
123
115
140
125
134
139
143
153
124
139
131
119
119
126
134
135
129
125
126
116
119
137
132
128
148
129
127
139
119
139
126
134
134
153
145
134
125
140
113
135
122
154
145
117
154
114
138
120
149
135
140
131
117
147
137
143
128
145
129
129
129
136
146
153
128
128
134
154
145
134
147
160
154
159
179
170
196
159
170
191
249
212
216
254
310
317
329
335
369
392
424
440
490
515
510
532
570
583
555
637
653
637
627
657
630
613
567
487
445
350
311
279
249
209
234
180
150
164
164
128
154
151
147
143
135
135
150
142
148
122
146
158
123
144
159
106
115
155
137
121
159
134
137
165
166
142
140
155
157
137
143
150
139
119
155
144
145
136
125
147
148
141
131
131
132
136
140
126
143
134
156
126
143
139
111
147
155
150
132
120
152
142
140
139
127
124
154
135
143
148
153
129
135
148
146
157
129
143
147
137
150
131
156
141
158
143
139
155
148
155
131
121
136
155
131
146
139
142
154
179
155
164
146
141
161
131
144
139
143
146
134
137
121
118
129
138
118
128
152
150
134
156
144
138
131
126
135
138
150
128
137
137
143
131
122
127
143
140
125
120
144
129
155
142
130
135
143
143
120
163
146
131
140
134
151
119
144
119
152
134
138
120
144
142
118
126
140
129
116
156
121
135
134
147
138
147
135
176
178
168
161
153
142
147
168
177
173
126
167
143
156
138
171
130
142
129
138
125
128
126
134
141
130
125
139
120
123
143
144
153
113
127
156
119
155
131
137
150
134
138
118
138
147
147
148
153
138
154
146
152
133
150
134
134
135
158
178
160
149
152
141
146
144
132
128
126
129
134
148
134
138
142
126
125
125
148
144
123
164
158
134
138
146
156
142
119
150
152
143
151
143
160
150
141
143
155
148
150
141
126
151
142
153
140
138
157
131
124
135
127
133
141
153
140
126
144
141
149
169
183
136
159
178
157
161
165
155
124
154
143
141
151
132
144
156
166
172
165
169
157
216
189
200
173
180
164
188
149
166
162
129
126
151
128
130
121
123
140
142
144
126
142
139
122
127
117
136
134
123
138
153
154
123
139
150
135
116
126
132
136
152
146
105
119
123
119
137
133
132
153
144
163
135
142
118
131
119
145
159
119
147
136
114
115
118
131
152
122
132
129
122
118
138
152
149
130
129
144
146
118
128
148
120
155
122
156
120
130
124
144
130
121
132
136
123
137
142
132
127
122
116
140
108
125
129
119
128
136
128
146
139
138
122
135
131
137
113
124
148
131
148
145
111
124
135
122
129
138
131
122
127
127
116
166
126
141
134
149
138
155
134
140
144
148
127
122
138
151
135
135
124
147
120
123
126
132
131
128
142
124
130
126
125
133
121
131
134
130
123
135
122
133
116
140
141
131
130
145
141
139
152
145
131
145
120
159
145
124
152
135
174
170
153
168
149
153
158
172
179
193
187
168
231
203
230
229
239
240
237
251
251
303
240
258
238
221
198
192
175
176
181
152
129
