123
147
133
146
135
110
136
110
111
115
138
122
115
121
129
130
117
119
140
129
132
165
134
129
128
121
124
138
114
140
142
145
127
139
150
127
144
146
153
147
144
122
150
130
149
145
146
156
140
131
141
125
141
151
136
143
149
125
148
139
135
123
121
129
130
135
116
140
120
122
133
131
139
136
143
133
129
125
131
127
128
130
126
127
133
143
135
139
130
127
110
124
146
108
125
112
123
108
141
123
130
121
133
133
133
106
123
128
127
123
136
99
107
126
130
116
143
122
132
129
144
128
125
134
116
130
130
124
145
123
146
108
137
126
137
130
135
118
130
145
131
122
121
143
131
141
130
134
146
128
126
124
133
118
136
137
137
130
125
129
149
134
139
134
119
117
137
130
125
132
140
144
135
142
145
148
132
130
138
140
135
149
143
132
153
135
134
112
138
139
122
121
143
155
128
141
119
117
142
129
118
122
139
145
132
121
118
121
105
133
121
123
148
123
146
133
115
119
122
135
123
138
134
143
126
130
155
144
140
141
132
149
133
150
114
155
134
137
130
134
121
105
125
125
142
138
140
121
129
109
115
135
130
140
140
151
142
145
119
132
121
128
116
146
133
140
124
111
114
136
123
102
136
120
123
136
135
133
113
140
144
128
141
130
153
128
133
147
137
152
135
127
122
126
147
120
155
126
126
112
121
131
148
137
141
117
130
139
130
118
128
127
127
137
133
122
118
131
129
119
125
124
146
128
155
122
133
129
137
124
133
115
133
135
144
102
135
109
130
146
135
131
121
153
149
128
117
115
150
116
125
124
128
131
119
123
135
128
148
131
141
131
124
131
117
136
118
137
129
104
117
130
127
131
130
123
136
135
135
119
145
148
118
121
118
122
131
140
139
132
144
132
109
130
123
134
108
118
128
116
133
109
126
123
130
137
119
128
133
106
121
108
115
149
128
125
125
112
111
130
116
109
118
127
126
116
126
123
120
118
123
104
131
142
113
122
130
88
129
124
123
140
124
124
131
113
121
139
107
136
127
133
117
108
133
125
129
123
111
128
117
132
126
149
139
141
143
146
135
126
155
135
140
148
131
149
157
169
182
188
183
184
215
214
245
268
318
290
307
332
361
366
427
404
424
431
427
434
464
479
491
508
493
501
530
491
493
425
379
301
268
275
223
204
177
161
147
140
168
131
164
119
125
130
157
132
114
135
131
149
138
157
139
154
133
155
155
127
144
153
146
131
136
147
122
119
137
144
133
125
153
135
153
143
118
146
135
124
127
146
140
163
152
142
133
140
130
120
150
139
124
135
122
138
140
125
145
138
144
130
132
159
112
132
124
141
130
133
124
146
161
139
130
139
155
132
137
127
134
134
135
123
165
136
145
182
145
134
133
150
145
159
127
134
143
134
141
146
129
150
125
145
139
138
159
140
165
159
151
134
150
153
148
136
118
128
149
115
131
125
155
141
133
138
145
137
127
115
122
117
125
114
147
130
133
134
138
117
126
151
134
121
135
151
129
131
135
144
153
147
152
142
155
138
137
140
134
159
142
136
134
149
155
136
151
150
144
141
126
141
142
140
142
150
154
174
159
159
136
166
158
154
150
141
148
146
170
145
170
150
134
154
138
143
133
131
148
134
133
141
130
165
132
137
153
128
156
117
151
170
149
141
155
163
156
149
168
193
164
184
167
176
179
184
168
190
178
193
172
192
184
207
173
185
192
168
174
156
173
162
158
171
155
132
159
136
136
122
157
151
140
157
155
128
155
156
156
159
160
156
155
174
159
171
174
167
178
175
145
167
151
164
144
147
148
146
149
157
183
163
186
170
145
152
186
212
167
173
172
151
157
162
148
158
163
156
184
147
152
156
150
150
159
171
153
151
161
169
154
137
168
167
167
168
185
182
164
166
177
200
206
228
199
200
229
228
234
226
243
253
233
244
247
266
277
262
295
298
296
262
231
229
219
199
189
200
160
160
167
169
131
176
137
148
134
147
123
133
157
145
145
156
152
154
150
170
178
158
151
144
145
138
150
167
147
137
128
145
152
142
142
147
123
