129
156
137
155
155
119
150
147
132
155
151
148
129
126
145
131
144
138
104
132
133
129
136
147
135
140
126
131
159
128
143
130
137
137
149
153
140
119
140
127
134
132
137
149
138
146
148
180
140
136
125
156
152
139
162
180
160
173
194
175
186
189
176
181
167
188
149
181
156
155
158
148
147
149
136
139
114
149
137
127
143
117
137
145
125
145
138
136
115
135
136
120
131
138
131
84
127
122
123
152
125
126
126
142
128
146
92
136
114
131
129
148
132
141
121
122
136
149
108
154
124
132
137
111
137
115
155
136
124
120
113
134
112
115
117
142
111
123
133
141
122
133
141
132
131
125
127
111
121
123
117
129
98
121
146
120
139
121
142
113
119
111
137
133
122
115
145
119
115
122
134
134
143
122
108
121
113
120
124
111
120
126
129
131
128
106
102
118
112
111
129
117
132
109
133
130
132
135
112
113
129
127
138
114
123
145
101
111
103
127
115
145
104
110
111
129
119
110
111
106
118
113
124
112
128
108
123
120
117
142
132
145
140
120
129
139
127
144
119
139
137
128
128
120
122
121
115
125
124
101
116
111
120
110
116
125
117
119
114
107
105
125
129
133
144
130
95
120
113
101
99
99
101
103
109
109
122
118
112
111
115
113
115
109
91
132
113
129
146
99
127
114
108
103
114
125
109
96
123
122
116
109
107
124
111
104
108
108
112
110
108
118
105
108
120
108
114
97
113
106
95
97
100
111
92
115
112
110
90
108
111
102
105
101
101
104
104
97
119
118
113
103
89
128
87
111
94
87
117
113
82
102
94
102
99
111
99
104
114
100
124
123
90
84
106
104
95
109
105
93
98
112
91
104
104
104
120
112
103
97
109
92
115
98
111
111
102
95
94
101
82
113
89
101
73
109
96
104
108
101
108
89
109
125
100
99
96
104
103
109
114
100
103
98
126
115
86
112
99
121
110
101
98
112
122
97
109
105
99
97
125
101
109
102
100
99
87
99
90
84
98
92
104
106
96
116
105
108
116
104
105
90
101
110
120
102
126
117
82
99
110
108
99
99
106
124
136
110
124
115
129
159
124
128
144
155
185
144
155
187
148
154
163
148
106
146
136
132
126
137
113
123
119
97
88
95
99
104
102
96
97
110
127
93
106
114
110
94
106
99
103
89
107
94
103
107
102
126
102
95
107
98
103
103
102
97
95
107
94
105
94
95
124
108
83
117
101
98
104
109
110
102
105
108
114
104
115
103
79
108
83
92
94
106
98
94
103
99
107
111
99
101
127
111
103
101
106
82
107
78
105
111
102
92
95
112
112
126
101
104
120
120
121
138
127
116
142
125
170
176
165
193
190
237
268
298
283
337
350
358
387
402
405
463
490
490
549
592
574
643
686
680
688
644
557
525
464
350
302
212
186
152
141
118
103
88
91
102
81
81
107
97
74
75
83
100
109
100
92
97
95
109
98
92
114
97
98
110
98
92
110
114
104
101
85
88
92
121
93
104
90
111
96
110
95
101
92
85
96
81
89
92
86
100
88
81
102
99
101
87
96
84
95
90
80
99
87
101
100
85
97
90
89
109
113
100
84
101
92
89
96
101
92
117
93
108
104
88
94
95
92
98
87
103
117
90
84
99
96
101
106
101
93
118
86
89
99
95
100
106
111
92
92
103
90
103
112
87
80
83
82
104
108
110
98
71
97
90
114
109
86
86
87
104
79
93
94
98
105
77
92
78
105
101
104
93
113
92
98
110
98
94
78
81
93
103
114
96
88
104
108
108
89
97
117
97
90
98
86
87
96
102
90
101
92
96
102
100
87
87
85
102
95
81
73
98
96
107
94
103
103
90
92
87
101
102
83
106
94
85
87
90
92
96
97
77
97
86
98
114
101
106
92
90
87
82
103
114
93
114
91
97
81
117
94
87
110
96
72
91
94
103
113
79
105
96
105
86
134
97
116
108
102
117
102
124
120
97
109
96
82
111
81
90
109
105
116
97
92
89
100
107
109
97
96
85
92
99
82
96
100
89
84
101
77
101
105
95
94
107
73
95
117
115
116
91
108
87
107
101
71
84
96
80
97
108
102
86
89
82
107
79
96
94
106
93
85
77
76
92
102
94
104
78
93
84
82
84
89
92
107
85
101
93
91
102
68
88
87
90
77
86
94
105
101
80
99
99
91
76
93
80
83
83
85
82
82
87
85
95
98
95
107
107
90
81
103
83
97
99
98
85
80
93
82
82
85
95
93
110
97
94
89
78
76
90
98
82
91
84
85
80
80
88
114
85
83
90
97
98
91
106
92
97
93
95
96
104
79
85
83
87
81
78
95
83
95
88
101
91
83
105
83
93
77
90
92
95
101
90
94
81
90
78
85
92
106
90
80
97
92
96
81
96
96
104
100
93
96
92
88
89
95
90
102
90
96
87
85
78
88
89
94
85
92
87
94
87
105
85
90
80
89
80
86
89
92
82
83
75
79
79
105
104
93
89
92
67
110
105
89
85
87
94
97
93
84
80
104
89
96
86
83
99
87
80
94
98
75
92
80
84
78
93
83
95
113
84
90
84
96
95
92
86
100
91
91
100
109
77
90
105
90
105
85
101
79
132
133
138
133
151
159
158
187
198
193
211
221
204
247
195
183
159
137
136
114
134
107
108
96
103
91
105
99
83
102
71
88
103
96
87
92
88
106
73
102
