-1.042167709	-1.042142971	-1.042125611	-1.04211497	-1.042106953	-1.042102515	-1.042098867	-1.042097078	-1.042095471	-1.042094794	-1.042094176	-1.042093991	-1.042093887	-1.042094069	-1.042094408	-1.042095082	-1.042096154	-1.042097776	-1.042100447	-1.042104091	-1.042110441	-1.042118454	-1.042133187	-1.042150544	-1.042183773	-1.042220506	-1.042291174	-1.042365929	-1.042497074	-1.042634117	-1.042814748	-1.042994992	-1.043143686
-1.042167715	-1.042142966	-1.042125606	-1.042114959	-1.042106942	-1.042102502	-1.042098854	-1.042097064	-1.042095456	-1.042094779	-1.04209416	-1.042093975	-1.042093871	-1.042094053	-1.042094392	-1.042095066	-1.042096136	-1.042097758	-1.042100429	-1.042104073	-1.042110419	-1.042118432	-1.042133159	-1.042150516	-1.04218373	-1.04222046	-1.042291108	-1.042365829	-1.042496974	-1.042633984	-1.042814615	-1.042994863	-1.043143607
-1.042167736	-1.042142951	-1.042125591	-1.042114928	-1.042106911	-1.042102462	-1.042098813	-1.042097019	-1.04209541	-1.042094733	-1.042094113	-1.042093928	-1.042093823	-1.042094005	-1.042094342	-1.042095016	-1.042096085	-1.042097706	-1.042100373	-1.042104018	-1.042110356	-1.042118368	-1.042133077	-1.042150433	-1.042183611	-1.04222034	-1.042290919	-1.042365532	-1.042496674	-1.042633588	-1.042814219	-1.042994479	-1.043143371
-1.042167772	-1.042142927	-1.042125565	-1.042114873	-1.042106858	-1.042102395	-1.042098746	-1.042096946	-1.042095333	-1.042094656	-1.042094035	-1.04209385	-1.042093743	-1.042093925	-1.042094261	-1.042094934	-1.042096	-1.042097621	-1.042100281	-1.042103925	-1.042110248	-1.042118259	-1.042132939	-1.042150296	-1.042183412	-1.04222014	-1.042290601	-1.042365031	-1.042496173	-1.042632928	-1.042813557	-1.042993839	-1.043142978
-1.042167823	-1.042142893	-1.042125532	-1.042114799	-1.042106784	-1.042102302	-1.042098653	-1.042096844	-1.042095227	-1.042094549	-1.042093925	-1.04209374	-1.042093631	-1.042093813	-1.042094146	-1.04209482	-1.042095881	-1.042097502	-1.042100153	-1.042103796	-1.0421101	-1.04211811	-1.042132748	-1.042150105	-1.042183134	-1.042219863	-1.042290158	-1.042364329	-1.04249547	-1.042632004	-1.042812632	-1.042992944	-1.043142427
-1.042167889	-1.042142852	-1.04212549	-1.042114705	-1.042106689	-1.042102183	-1.042098534	-1.042096713	-1.04209509	-1.042094412	-1.042093785	-1.042093599	-1.042093488	-1.042093669	-1.042094	-1.042094672	-1.042095728	-1.042097348	-1.042099987	-1.04210363	-1.042109909	-1.042117919	-1.042132503	-1.04214986	-1.042182778	-1.042219505	-1.042289587	-1.042363428	-1.042494566	-1.042630813	-1.042811441	-1.042991793	-1.043141719
-1.042167968	-1.0421428	-1.042125438	-1.042114589	-1.042106573	-1.042102036	-1.042098387	-1.042096552	-1.042094925	-1.042094244	-1.042093613	-1.042093427	-1.042093313	-1.042093493	-1.04209382	-1.042094492	-1.042095541	-1.042097161	-1.042099785	-1.042103428	-1.042109675	-1.042117685	-1.042132204	-1.042149559	-1.042182341	-1.042219068	-1.042288891	-1.042362544	-1.042493464	-1.042629361	-1.042809987	-1.042990364	-1.043140764
-1.042168062	-1.042142738	-1.042125376	-1.042114451	-1.042106434	-1.042101863	-1.042098215	-1.042096363	-1.042094735	-1.042094045	-1.04209341	-1.042093223	-1.042093106	-1.042093286	-1.042093608	-1.042094279	-1.04209532	-1.04209694	-1.042099547	-1.042103187	-1.042109398	-1.042117408	-1.042131849	-1.042149204	-1.042181825	-1.04221855	-1.042288067	-1.042361719	-1.042492161	-1.042627645	-1.042808268	-1.042988653	-1.043139547
-1.04216817	-1.042142667	-1.042125305	-1.042114293	-1.042106275	-1.042101663	-1.042098015	-1.042096143	-1.042094515	-1.042093815	-1.042093175	-1.042092988	-1.042092866	-1.042093046	-1.042093363	-1.042094034	-1.042095064	-1.042096684	-1.042099271	-1.04210291	-1.042109079	-1.042117088	-1.042131439	-1.042148793	-1.042181229	-1.042217954	-1.042287117	-1.042360766	-1.042490657	-1.042625665	-1.042806285	-1.042986679	-1.043138144
-1.042168293	-1.042142586	-1.042125223	-1.042114113	-1.042106094	-1.042101436	-1.042097787	-1.042095894	-1.042094265	-1.042093555	-1.042092909	-1.042092721	-1.042092595	-1.042092774	-1.042093084	-1.042093755	-1.042094774	-1.042096393	-1.042098958	-1.042102596	-1.042108717	-1.042116725	-1.042130975	-1.042148328	-1.042180554	-1.042217279	-1.04228604	-1.042359686	-1.042488952	-1.04262342	-1.042804037	-1.042984442	-1.043136553
-1.04216843	-1.042142496	-1.042125132	-1.042113912	-1.042105893	-1.042101183	-1.042097533	-1.042095615	-1.042093985	-1.042093264	-1.042092611	-1.042092422	-1.042092291	-1.042092469	-1.042092773	-1.042093443	-1.04209445	-1.042096068	-1.042098607	-1.042102245	-1.042108313	-1.04211632	-1.042130456	-1.042147808	-1.042179799	-1.042216522	-1.042284835	-1.042358479	-1.042487045	-1.042620909	-1.042801523	-1.04298194	-1.043134774
-1.042168579	-1.042142395	-1.042125032	-1.042113689	-1.04210567	-1.042100902	-1.042097252	-1.042095306	-1.042093676	-1.042092941	-1.042092281	-1.042092091	-1.042091955	-1.042092132	-1.042092428	-1.042093097	-1.042094091	-1.042095708	-1.04209822	-1.042101857	-1.042107865	-1.042115871	-1.042129882	-1.042147232	-1.042178964	-1.042215684	-1.042283502	-1.042357145	-1.042484938	-1.042618135	-1.042798745	-1.042979175	-1.043132807
-1.042168742	-1.042142283	-1.04212492	-1.042113445	-1.042105424	-1.042100593	-1.042096942	-1.042094968	-1.042093337	-1.042092587	-1.042091919	-1.042091729	-1.042091586	-1.042091762	-1.04209205	-1.042092719	-1.042093698	-1.042095314	-1.042097795	-1.04210143	-1.042107374	-1.042115379	-1.042129252	-1.0421466	-1.042178047	-1.042214767	-1.042282043	-1.042355683	-1.04248263	-1.042615097	-1.042795702	-1.042976146	-1.043130652
-1.042168919	-1.04214216	-1.042124797	-1.042113176	-1.042105155	-1.042100257	-1.042096605	-1.042094599	-1.042092967	-1.042092202	-1.042091525	-1.042091333	-1.042091184	-1.042091359	-1.042091639	-1.042092305	-1.042093269	-1.042094883	-1.042097331	-1.042100965	-1.042106838	-1.042114842	-1.042128565	-1.042145913	-1.042177051	-1.042213769	-1.042280455	-1.042354092	-1.042480121	-1.042611793	-1.042792393	-1.042972853	-1.043128309
-1.042169109	-1.042142028	-1.042124664	-1.042112887	-1.042104865	-1.042099893	-1.042096241	-1.042094199	-1.042092566	-1.042091784	-1.0420911	-1.042090906	-1.042090749	-1.042090923	-1.042091193	-1.042091859	-1.042092805	-1.042094418	-1.042096831	-1.042100463	-1.04210626	-1.042114262	-1.042127824	-1.04214517	-1.042175975	-1.04221269	-1.042278739	-1.042352373	-1.042477409	-1.042608522	-1.042788819	-1.042969295	-1.043125778
-1.042169314	-1.042141886	-1.04212452	-1.042112575	-1.042104553	-1.042099501	-1.042095848	-1.042093769	-1.042092135	-1.042091335	-1.042090649	-1.042090445	-1.04209028	-1.042090453	-1.042090713	-1.042091378	-1.042092305	-1.042093918	-1.042096292	-1.042099922	-1.042105638	-1.042113638	-1.042127028	-1.042144373	-1.042174818	-1.04221153	-1.042276896	-1.042350526	-1.042474495	-1.042605603	-1.042784978	-1.042965472	-1.043123058
-1.04216953	-1.042141733	-1.042124367	-1.042112242	-1.042104218	-1.042099081	-1.042095427	-1.042093308	-1.042091673	-1.042090853	-1.042090166	-1.042089952	-1.042089778	-1.04208995	-1.0420902	-1.042090863	-1.04209177	-1.042093381	-1.042095714	-1.042099344	-1.042104973	-1.042112971	-1.042126176	-1.042143518	-1.04217358	-1.042210289	-1.042274923	-1.04234855	-1.042471379	-1.042602481	-1.04278087	-1.042961383	-1.043120148
-1.042169759	-1.042141567	-1.042124201	-1.042111884	-1.042103861	-1.042098633	-1.042094978	-1.042092816	-1.04209118	-1.042090339	-1.042089651	-1.042089425	-1.042089243	-1.042089413	-1.042089651	-1.042090313	-1.042091199	-1.042092809	-1.042095099	-1.042098727	-1.042104262	-1.042112259	-1.042125265	-1.042142604	-1.042172259	-1.042208966	-1.042272823	-1.042346446	-1.04246806	-1.042599157	-1.042776496	-1.042957029	-1.043117049
-1.042169998	-1.042141387	-1.042124021	-1.042111502	-1.042103479	-1.042098156	-1.042094499	-1.042092293	-1.042090655	-1.042089793	-1.042089103	-1.042088865	-1.042088674	-1.042088842	-1.042089068	-1.042089728	-1.042090592	-1.0420922	-1.042094443	-1.04209807	-1.042103507	-1.0421115	-1.042124297	-1.042141633	-1.042170855	-1.042207561	-1.042270593	-1.042344212	-1.042464538	-1.04259563	-1.042771855	-1.042952408	-1.043113761
-1.042170251	-1.042141197	-1.042123831	-1.042111098	-1.042103073	-1.042097649	-1.042093992	-1.042091738	-1.042090099	-1.042089213	-1.042088522	-1.042088271	-1.042088072	-1.042088237	-1.04208845	-1.042089108	-1.042089949	-1.042091554	-1.042093749	-1.042097374	-1.042102707	-1.042110698	-1.042123273	-1.042140607	-1.042169372	-1.042206074	-1.042268233	-1.042341848	-1.042460814	-1.0425919	-1.042766946	-1.042947505	-1.043110051
-1.042170516	-1.042140996	-1.042123629	-1.042110671	-1.042102646	-1.042097116	-1.042093456	-1.042091151	-1.042089511	-1.0420886	-1.042087908	-1.042087644	-1.042087443	-1.042087597	-1.042087796	-1.042088453	-1.042089269	-1.042090872	-1.042093016	-1.042096639	-1.042101863	-1.04210985	-1.042122192	-1.042139523	-1.042167806	-1.042204505	-1.042265744	-1.042339354	-1.042456885	-1.042587964	-1.04276177	-1.042942322	-1.043105908
-1.042170792	-1.042140783	-1.042123415	-1.042110219	-1.042102194	-1.042096551	-1.04209289	-1.042090532	-1.04208889	-1.042087954	-1.04208726	-1.042086982	-1.04208678	-1.042086923	-1.042087107	-1.042087762	-1.042088551	-1.042090153	-1.042092242	-1.042095864	-1.042100972	-1.042108957	-1.042121054	-1.042138382	-1.042166157	-1.042202853	-1.042263125	-1.042336731	-1.042452752	-1.042583825	-1.042756326	-1.042936869	-1.043101551
-1.04217108	-1.042140556	-1.042123188	-1.042109744	-1.042101717	-1.042095957	-1.042092294	-1.04208988	-1.042088237	-1.042087274	-1.042086579	-1.042086285	-1.042086082	-1.042086213	-1.042086382	-1.042087035	-1.042087797	-1.042089397	-1.042091429	-1.042095049	-1.042100036	-1.042108018	-1.042119858	-1.042137182	-1.042164426	-1.042201119	-1.042260375	-1.042333973	-1.042448414	-1.042579481	-1.042750614	-1.042931148	-1.043096979
-1.042171379	-1.042140317	-1.042122948	-1.042109243	-1.042101215	-1.042095332	-1.042091669	-1.042089198	-1.042087552	-1.042086561	-1.042085863	-1.042085554	-1.042085348	-1.042085467	-1.042085627	-1.042086272	-1.042087005	-1.042088603	-1.042090576	-1.042094192	-1.042099052	-1.042107032	-1.042118602	-1.042135923	-1.04216261	-1.042199299	-1.042257494	-1.042331085	-1.042443871	-1.042574932	-1.042744634	-1.042925158	-1.043092192
-1.042171687	-1.042140063	-1.042122694	-1.042108716	-1.042100688	-1.042094677	-1.042091012	-1.04208848	-1.042086833	-1.042085812	-1.042085113	-1.042084787	-1.04208458	-1.042084686	-1.042084844	-1.042085472	-1.042086175	-1.04208777	-1.042089681	-1.042093295	-1.042098022	-1.042105999	-1.042117288	-1.042134605	-1.04216071	-1.042197396	-1.042254482	-1.042328068	-1.042439124	-1.042570177	-1.042738384	-1.042918899	-1.043087186
-1.042172005	-1.042139796	-1.042122426	-1.042108165	-1.042100135	-1.04209399	-1.042090324	-1.042087729	-1.042086081	-1.042085029	-1.042084328	-1.042083985	-1.042083775	-1.042083868	-1.042084024	-1.042084635	-1.042085306	-1.042086899	-1.042088745	-1.042092356	-1.042096945	-1.042104919	-1.042115915	-1.042133228	-1.042158727	-1.042195408	-1.042251339	-1.042324919	-1.042434172	-1.042565217	-1.042731865	-1.04291237	-1.043081963
-1.042172334	-1.042139515	-1.042122145	-1.042107588	-1.042099557	-1.042093272	-1.042089604	-1.042086945	-1.042085295	-1.042084211	-1.042083507	-1.042083147	-1.042082935	-1.042083014	-1.042083167	-1.04208376	-1.042084405	-1.042085989	-1.042087767	-1.042091375	-1.042095821	-1.042103792	-1.042114482	-1.042131792	-1.042156659	-1.042193335	-1.042248064	-1.042321637	-1.042429013	-1.04256005	-1.042725075	-1.042905569	-1.043076313
-1.042172671	-1.042139219	-1.042121849	-1.042106985	-1.042098952	-1.042092523	-1.042088853	-1.042086125	-1.042084474	-1.042083357	-1.042082651	-1.042082272	-1.042082058	-1.042082123	-1.042082273	-1.042082848	-1.04208349	-1.04208504	-1.042086747	-1.042090352	-1.04209465	-1.042102616	-1.042112989	-1.042130296	-1.042154508	-1.042191178	-1.042244655	-1.042318223	-1.042423648	-1.042554675	-1.042718015	-1.042898497	-1.043070145
-1.042173019	-1.042138911	-1.042121538	-1.042106355	-1.042098322	-1.042091742	-1.042088071	-1.042085271	-1.042083618	-1.042082467	-1.042081759	-1.042081361	-1.042081144	-1.042081194	-1.042081342	-1.042081897	-1.042082536	-1.042084051	-1.042085685	-1.042089287	-1.04209343	-1.042101392	-1.042111436	-1.042128739	-1.04215227	-1.042188933	-1.042241113	-1.042314674	-1.042418076	-1.042549094	-1.042710684	-1.042891154	-1.04306374
-1.042173372	-1.042138585	-1.042121211	-1.042105698	-1.042097663	-1.042090928	-1.042087255	-1.042084383	-1.042082728	-1.042081541	-1.04208083	-1.042080412	-1.042080193	-1.042080227	-1.042080373	-1.042080908	-1.042081544	-1.042083021	-1.042084602	-1.042088178	-1.04209216	-1.042100119	-1.042109822	-1.04212712	-1.042149945	-1.042186602	-1.042237437	-1.042310992	-1.042412297	-1.042543304	-1.04270308	-1.042883538	-1.043057095
-1.042173734	-1.042138242	-1.042120868	-1.042105012	-1.042096977	-1.04209008	-1.042086406	-1.042083458	-1.042081801	-1.042080577	-1.042079865	-1.042079426	-1.042079204	-1.042079222	-1.042079366	-1.042079879	-1.042080512	-1.042081951	-1.042083528	-1.042087026	-1.042090841	-1.042098796	-1.042108146	-1.042125439	-1.042147534	-1.042184185	-1.042233628	-1.042307175	-1.042406309	-1.042537306	-1.042695205	-1.04287565	-1.043050213
-1.042174103	-1.042137882	-1.042120507	-1.042104299	-1.042096262	-1.042089199	-1.042085523	-1.042082496	-1.042080837	-1.042079575	-1.042078861	-1.042078401	-1.042078177	-1.042078178	-1.042078319	-1.04207881	-1.04207944	-1.042080839	-1.042082413	-1.042085829	-1.042089473	-1.042097423	-1.042106407	-1.042123696	-1.042145035	-1.04218168	-1.042229684	-1.042303224	-1.042400112	-1.042531098	-1.042687056	-1.042867488	-1.043043092
-1.042174478	-1.042137749	-1.04212013	-1.042103557	-1.042095518	-1.042088284	-1.042084606	-1.042081498	-1.042079837	-1.042078536	-1.042077819	-1.042077337	-1.04207711	-1.042077094	-1.042077232	-1.0420777	-1.042078327	-1.042079685	-1.042081256	-1.042084588	-1.042088174	-1.042096	-1.042104607	-1.04212189	-1.042142449	-1.042179088	-1.042225605	-1.042299136	-1.042393706	-1.042524681	-1.042678634	-1.042859051	-1.043035302
-1.04217486	-1.042138131	-1.042119735	-1.042102786	-1.042094746	-1.042087334	-1.042083654	-1.042080463	-1.0420788	-1.042077458	-1.042076739	-1.042076235	-1.042076005	-1.042075971	-1.042076105	-1.04207655	-1.042077174	-1.04207849	-1.042080057	-1.042083302	-1.042086884	-1.042094526	-1.042102745	-1.042120021	-1.042139775	-1.042176406	-1.04222139	-1.042294912	-1.04238709	-1.042518053	-1.042669937	-1.04285034	-1.043027218
-1.042175247	-1.042138519	-1.042119323	-1.042101988	-1.042093945	-1.042086349	-1.042082668	-1.042079392	-1.042077726	-1.042076341	-1.042075619	-1.042075092	-1.042074859	-1.042074807	-1.042074938	-1.042075359	-1.042075979	-1.042077251	-1.042078815	-1.04208197	-1.042085547	-1.042093001	-1.042100939	-1.042118089	-1.042137013	-1.042173636	-1.042217038	-1.042290551	-1.042380264	-1.042511214	-1.042660966	-1.042841353	-1.043018878
-1.042175639	-1.042138912	-1.042118892	-1.042101516	-1.042093112	-1.042085328	-1.042081645	-1.042078281	-1.042076612	-1.042075185	-1.042074461	-1.042073909	-1.042073673	-1.042073602	-1.04207373	-1.042074126	-1.042074742	-1.042075969	-1.042077528	-1.042080591	-1.042084163	-1.042091422	-1.042099355	-1.042116091	-1.04213416	-1.042170775	-1.042212548	-1.042286052	-1.042373225	-1.042504158	-1.042651713	-1.042832086	-1.04301028
-1.042176034	-1.042139309	-1.04211844	-1.042101064	-1.042092249	-1.042084271	-1.042080586	-1.04207713	-1.04207546	-1.042073988	-1.042073261	-1.042072685	-1.042072446	-1.042072355	-1.042072479	-1.04207285	-1.042073462	-1.042074643	-1.042076197	-1.042079165	-1.042082733	-1.04208979	-1.042097717	-1.042114027	-1.042131285	-1.042167824	-1.042207921	-1.042281416	-1.042365976	-1.042496895	-1.042642188	-1.042822544	-1.043001326
-1.042176433	-1.042139709	-1.042117967	-1.04210059	-1.042091352	-1.042083305	-1.042079489	-1.042075941	-1.042074268	-1.042072751	-1.04207202	-1.042071419	-1.042071177	-1.042071066	-1.042071186	-1.042071531	-1.042072138	-1.042073272	-1.042074821	-1.042077692	-1.042081254	-1.042088104	-1.042096025	-1.042111897	-1.042129148	-1.042164782	-1.042203155	-1.042276638	-1.042358509	-1.042489415	-1.042632385	-1.042812723	-1.042991815
-1.042176835	-1.042140112	-1.042117474	-1.042100096	-1.042090424	-1.042082376	-1.042078355	-1.04207471	-1.042073035	-1.042071472	-1.042070738	-1.042070111	-1.042069866	-1.042069734	-1.04206985	-1.042070168	-1.042070771	-1.042071855	-1.0420734	-1.04207617	-1.042079727	-1.042086364	-1.042094278	-1.0421097	-1.042126944	-1.042161647	-1.04219825	-1.042271721	-1.042350832	-1.042481722	-1.042622304	-1.042802623	-1.042982033
-1.042177239	-1.042140517	-1.042116959	-1.04209958	-1.042089463	-1.042081414	-1.042077182	-1.042073491	-1.042071761	-1.04207015	-1.042069414	-1.04206876	-1.042068511	-1.042068359	-1.042068471	-1.042068761	-1.04206936	-1.042070393	-1.042071932	-1.042074598	-1.04207815	-1.042084569	-1.042092477	-1.042107436	-1.042124672	-1.04215842	-1.042195	-1.042266664	-1.04234294	-1.042473813	-1.042611943	-1.042792243	-1.042971979
-1.042177644	-1.042140923	-1.042116421	-1.042099043	-1.042088467	-1.042080417	-1.04207597	-1.042072278	-1.042070447	-1.042068788	-1.042068048	-1.042067366	-1.042067113	-1.042066939	-1.042067047	-1.042067308	-1.042067903	-1.042068885	-1.042070417	-1.042072978	-1.042076525	-1.042082719	-1.042090619	-1.042105102	-1.042122331	-1.042155099	-1.04219167	-1.042261464	-1.042334909	-1.042465687	-1.042601301	-1.042781581	-1.042961615
-1.042178049	-1.04214133	-1.04211586	-1.042098481	-1.042087438	-1.042079389	-1.04207472	-1.042071024	-1.042069089	-1.042067406	-1.042066637	-1.042065928	-1.042065671	-1.042065475	-1.042065578	-1.04206581	-1.042066399	-1.042067327	-1.042068855	-1.042071307	-1.042074848	-1.042080812	-1.042088704	-1.0421027	-1.04211992	-1.042151682	-1.042188243	-1.042256122	-1.042329552	-1.042457343	-1.042590378	-1.042770637	-1.042950715
-1.042178453	-1.042141735	-1.042115274	-1.042097895	-1.042086372	-1.042078322	-1.042073427	-1.042069729	-1.042067687	-1.042066002	-1.042065181	-1.042064443	-1.042064182	-1.042063963	-1.042064062	-1.042064264	-1.042064848	-1.042065722	-1.042067243	-1.042069583	-1.042073117	-1.042078845	-1.04208673	-1.042100227	-1.042117438	-1.04214817	-1.04218472	-1.042250634	-1.042324048	-1.042448779	-1.042579603	-1.042759409	-1.042939532
-1.042178855	-1.042142139	-1.042114663	-1.042097284	-1.042085269	-1.042077217	-1.042072091	-1.042068392	-1.042066242	-1.042064553	-1.042063679	-1.042062929	-1.042062648	-1.042062405	-1.042062499	-1.04206267	-1.042063248	-1.042064066	-1.042065581	-1.042067807	-1.042071333	-1.04207682	-1.042084697	-1.042097682	-1.042114884	-1.04214456	-1.042181099	-1.042245001	-1.0423184	-1.042439996	-1.0425708	-1.042747895	-1.042928065
-1.042179254	-1.042142539	-1.042114024	-1.042096646	-1.042084128	-1.042076075	-1.042070713	-1.042067012	-1.04206475	-1.042063059	-1.04206213	-1.042061377	-1.042061065	-1.042060798	-1.042060888	-1.042061027	-1.042061599	-1.04206236	-1.042063868	-1.042065976	-1.042069495	-1.042074734	-1.042082602	-1.042095063	-1.042112255	-1.04214085	-1.042177377	-1.042239219	-1.042312602	-1.042430989	-1.042561773	-1.042736091	-1.04291628
-1.042179647	-1.042142934	-1.042113358	-1.042095979	-1.042082947	-1.042074893	-1.042069289	-1.042065586	-1.042063211	-1.042061517	-1.042060533	-1.042059777	-1.042059433	-1.042059159	-1.042059226	-1.042059334	-1.042059899	-1.042060601	-1.042062102	-1.04206409	-1.0420676	-1.042072586	-1.042080445	-1.042092369	-1.042109551	-1.04213704	-1.042173552	-1.042233289	-1.042306657	-1.042421758	-1.042552519	-1.042723995	-1.042904157
-1.042180034	-1.042143323	-1.042112661	-1.042095283	-1.042081725	-1.04207367	-1.042067819	-1.042064114	-1.042061622	-1.042059926	-1.042058886	-1.042058126	-1.04205775	-1.042057472	-1.042057513	-1.042057592	-1.042058146	-1.042058787	-1.042060282	-1.042062147	-1.042065648	-1.042070373	-1.042078222	-1.042089598	-1.042106768	-1.042133125	-1.042169623	-1.042227206	-1.042300557	-1.042412301	-1.042543038	-1.04271161	-1.042891744
-1.042180411	-1.042143703	-1.042111931	-1.042094553	-1.042080458	-1.042072403	-1.0420663	-1.042062596	-1.042059985	-1.042058284	-1.042057185	-1.042056422	-1.042056014	-1.04205573	-1.042055745	-1.042055818	-1.042056337	-1.042056916	-1.042058403	-1.042060142	-1.042063633	-1.042068092	-1.042075931	-1.042086746	-1.042103903	-1.042129103	-1.042165586	-1.042220968	-1.0422943	-1.042402612	-1.042533325	-1.042698926	-1.042879033
-1.042180776	-1.04214407	-1.042111165	-1.042093789	-1.042079145	-1.042071089	-1.042064729	-1.042061022	-1.04205829	-1.042056586	-1.042055428	-1.042054661	-1.042054219	-1.042053931	-1.042053918	-1.042053984	-1.042054467	-1.042055011	-1.042056461	-1.042058071	-1.042061552	-1.04206574	-1.042073567	-1.042083808	-1.042100953	-1.042124969	-1.042161436	-1.042214568	-1.042287881	-1.042392685	-1.042523371	-1.042685939	-1.042866016
-1.042181124	-1.042144422	-1.04211036	-1.042092984	-1.042077781	-1.042069724	-1.0420631	-1.042059392	-1.042056536	-1.04205483	-1.042053611	-1.042052839	-1.042052363	-1.042052068	-1.042052027	-1.042052087	-1.042052533	-1.042053069	-1.042054452	-1.042055929	-1.0420594	-1.04206331	-1.042071124	-1.042080779	-1.04209791	-1.042120717	-1.042157166	-1.042208	-1.042281292	-1.042382515	-1.042513174	-1.042672642	-1.042852686
-1.042182222	-1.042144752	-1.04210951	-1.042092135	-1.04207636	-1.042068303	-1.04206141	-1.0420577	-1.042054718	-1.042053007	-1.042051727	-1.042050949	-1.042050438	-1.042050137	-1.042050067	-1.042050119	-1.042050527	-1.042051053	-1.042052368	-1.042053825	-1.042057168	-1.042060794	-1.042068595	-1.042077651	-1.042094764	-1.042116336	-1.042152767	-1.042201254	-1.042274523	-1.042372089	-1.042502719	-1.042659022	-1.042839032
-1.042184816	-1.042145053	-1.042108606	-1.042091232	-1.042074874	-1.042066816	-1.04205965	-1.042055937	-1.042052826	-1.042051111	-1.042049766	-1.042048983	-1.042048435	-1.042048128	-1.042048027	-1.04204807	-1.042048437	-1.042048954	-1.042050198	-1.042051644	-1.042054846	-1.042058291	-1.042065966	-1.042074409	-1.042091504	-1.042111815	-1.042148224	-1.042194316	-1.042267559	-1.042361395	-1.042491993	-1.042645065	-1.042825036
-1.042187416	-1.042145314	-1.042108621	-1.042090265	-1.042073313	-1.042065253	-1.042057807	-1.042054091	-1.042050848	-1.042049128	-1.042047717	-1.042046927	-1.042046341	-1.042046026	-1.042045893	-1.042045925	-1.042046251	-1.042046757	-1.042047927	-1.042049359	-1.042052416	-1.042055846	-1.042063221	-1.042071038	-1.04208811	-1.042107133	-1.042143519	-1.042187165	-1.04226038	-1.042350408	-1.042480972	-1.042630747	-1.042810674
-1.042190007	-1.042145521	-1.04210883	-1.042089219	-1.042071845	-1.042063597	-1.042055865	-1.042052145	-1.042048768	-1.042047042	-1.042045563	-1.042044763	-1.042044135	-1.042043809	-1.042043642	-1.042043662	-1.042043944	-1.042044437	-1.04204553	-1.042046946	-1.042049853	-1.042053265	-1.042060333	-1.042068081	-1.042084554	-1.042102262	-1.04213862	-1.042179771	-1.042252953	-1.042339097	-1.042469623	-1.042616034	-1.042795914
-1.042192568	-1.042145651	-1.042108961	-1.04208807	-1.042070694	-1.042061825	-1.0420538	-1.042050075	-1.042046558	-1.042044822	-1.042043271	-1.042042459	-1.042041788	-1.042041449	-1.042041244	-1.042041249	-1.042041484	-1.042041959	-1.042042972	-1.042044369	-1.042047121	-1.042050513	-1.042057264	-1.042064985	-1.042080796	-1.042097811	-1.042133484	-1.042172088	-1.042245233	-1.042327414	-1.042457896	-1.042600876	-1.042780704
-1.042195069	-1.042145674	-1.042108982	-1.042086784	-1.042069405	-1.0420599	-1.042051829	-1.042047842	-1.042044182	-1.042042431	-1.042040804	-1.042039977	-1.042039257	-1.042038901	-1.042038655	-1.04203864	-1.042038822	-1.042039276	-1.042040204	-1.042041577	-1.042044167	-1.042047533	-1.042053957	-1.042061643	-1.042076774	-1.042093753	-1.042128046	-1.04216433	-1.042237149	-1.042315286	-1.042445718	-1.042585197	-1.042764966
-1.042197464	-1.042145542	-1.042108846	-1.042085315	-1.042067927	-1.042057772	-1.042049692	-1.042045394	-1.042041647	-1.042039813	-1.042038102	-1.042037254	-1.04203648	-1.042036099	-1.042035806	-1.042035766	-1.042035888	-1.042036315	-1.042037149	-1.042038492	-1.04204091	-1.042044244	-1.042050329	-1.042057968	-1.042072398	-1.04208933	-1.042122209	-1.042158442	-1.042228599	-1.04230261	-1.042432979	-1.042568884	-1.042748585
-1.042199689	-1.042145189	-1.042108483	-1.042083589	-1.042066188	-1.042055366	-1.04204727	-1.04204265	-1.042038886	-1.042036883	-1.042035085	-1.042034199	-1.042033361	-1.042032948	-1.042032597	-1.042032522	-1.042032576	-1.042032964	-1.042033695	-1.042034998	-1.042037233	-1.042040524	-1.042046254	-1.042053829	-1.04206753	-1.042084401	-1.042115827	-1.042151996	-1.042219428	-1.042292402	-1.042419518	-1.042551771	-1.04273139
-1.042201647	-1.042144516	-1.04210779	-1.042081501	-1.042064079	-1.04205257	-1.042044449	-1.042039494	-1.042035703	-1.042033515	-1.042031675	-1.042030679	-1.042029763	-1.042029304	-1.042028881	-1.042028757	-1.042028727	-1.042029064	-1.042029675	-1.042030925	-1.042032959	-1.042036194	-1.042041534	-1.042049029	-1.042061969	-1.042078757	-1.042108684	-1.042144766	-1.042209406	-1.042282289	-1.042405091	-1.042535285	-1.042713125
-1.042203197	-1.042143377	-1.042106619	-1.042078898	-1.04206144	-1.042049219	-1.042041061	-1.042035751	-1.04203192	-1.042029525	-1.042027622	-1.042026495	-1.042025507	-1.042024953	-1.042024438	-1.042024244	-1.04202411	-1.042024373	-1.042024843	-1.042026017	-1.042027829	-1.042030983	-1.042035894	-1.042043278	-1.042055413	-1.042072086	-1.042100457	-1.042136421	-1.042198189	-1.04227095	-1.042389333	-1.042519399	-1.042693406
-1.042204134	-1.042141557	-1.042104746	-1.042075549	-1.042058035	-1.04204507	-1.042036854	-1.042031165	-1.042027275	-1.042024639	-1.042022641	-1.042021351	-1.042020267	-1.04201958	-1.042018953	-1.042018644	-1.042018374	-1.042018532	-1.042018827	-1.042019894	-1.042021447	-1.04202449	-1.042028914	-1.042036137	-1.042047409	-1.042063919	-1.042090662	-1.042126459	-1.042185262	-1.042257853	-1.042371698	-1.042501591	-1.042671657
-1.042204149	-1.04213874	-1.042101845	-1.042071117	-1.042053516	-1.042039765	-1.042031459	-1.042025353	-1.042021374	-1.042018449	-1.04201631	-1.042014807	-1.042013581	-1.042012713	-1.042011939	-1.042011456	-1.04201101	-1.042011007	-1.04201108	-1.04201199	-1.042013236	-1.042016119	-1.042019964	-1.042026957	-1.042037281	-1.042053556	-1.042078576	-1.042114135	-1.042169855	-1.042242205	-1.042351369	-1.042481021	-1.042647017
-1.042202794	-1.042134459	-1.042097432	-1.042065101	-1.042047367	-1.042032771	-1.042024328	-1.042017753	-1.042013635	-1.042010353	-1.042008003	-1.042006217	-1.042004775	-1.042003655	-1.042002664	-1.042001935	-1.042001268	-1.042001005	-1.042000785	-1.042001465	-1.042002328	-1.042004963	-1.042008108	-1.042014762	-1.042024019	-1.042039952	-1.042063116	-1.04209833	-1.042150812	-1.042222816	-1.042327121	-1.042456429	-1.042618193
-1.042199402	-1.042128023	-1.042090792	-1.042056764	-1.042038824	-1.042023301	-1.04201465	-1.04200753	-1.0420032	-1.041999459	-1.04199679	-1.041994612	-1.041992849	-1.041991369	-1.041990053	-1.04198897	-1.041987974	-1.041987344	-1.041986791	-1.041987064	-1.041987433	-1.041989637	-1.041991943	-1.041998096	-1.042006114	-1.042021543	-1.042042664	-1.042077371	-1.042126408	-1.042197906	-1.042297121	-1.04242593	-1.042583246
-1.042192991	-1.042118661	-1.042080871	-1.042045013	-1.042026759	-1.04201019	-1.042001223	-1.041993445	-1.041988795	-1.041984441	-1.041981292	-1.041978562	-1.041976315	-1.041974314	-1.04197251	-1.041970912	-1.041969425	-1.041968265	-1.041967217	-1.041966918	-1.041966762	-1.041968154	-1.041969375	-1.041974785	-1.041981309	-1.041995989	-1.0420148	-1.042048757	-1.042094058	-1.042164808	-1.042258619	-1.042386695	-1.042539271
-1.042182111	-1.042107305	-1.042066105	-1.042028231	-1.042009501	-1.041991711	-1.041982266	-1.041973662	-1.04196853	-1.041963336	-1.041959464	-1.041955937	-1.041952963	-1.041950198	-1.041947663	-1.041945307	-1.041943084	-1.041941149	-1.041939361	-1.041938245	-1.041937342	-1.04193751	-1.041937513	-1.041941576	-1.04194623	-1.041959796	-1.041975906	-1.042008746	-1.042049896	-1.042119536	-1.042207505	-1.042334492	-1.042481911
-1.042164621	-1.042089091	-1.042044189	-1.042005455	-1.041984577	-1.041965312	-1.041955142	-1.041945462	-1.041939603	-1.04193323	-1.04192827	-1.04192358	-1.041919511	-1.041915615	-1.041911983	-1.0419085	-1.041905173	-1.041902097	-1.041899201	-1.041896899	-1.041894882	-1.041893217	-1.04189157	-1.041893619	-1.041896259	-1.041907743	-1.041920575	-1.041951746	-1.041988145	-1.042056123	-1.042137624	-1.042262985	-1.042404644
-1.042137361	-1.042060734	-1.042011713	-1.041971888	-1.04194833	-1.041927794	-1.041915946	-1.041904817	-1.041897859	-1.041889805	-1.041883205	-1.0418768	-1.041871087	-1.041865508	-1.041860226	-1.041855065	-1.041850083	-1.041845312	-1.041840754	-1.041836713	-1.041833027	-1.041828583	-1.041824464	-1.04182367	-1.041823826	-1.041832034	-1.041841433	-1.041869405	-1.041900172	-1.041965659	-1.042039783	-1.042162699	-1.042297712
-1.042095666	-1.042017382	-1.041963638	-1.041922169	-1.041895351	-1.041873171	-1.041858897	-1.041845989	-1.041837145	-1.041826664	-1.041817596	-1.041808648	-1.041800461	-1.041792371	-1.041784609	-1.041776942	-1.041769474	-1.041762178	-1.041755128	-1.041748515	-1.04174223	-1.041733633	-1.041725808	-1.04172093	-1.041717365	-1.041721044	-1.041726703	-1.041749267	-1.041774177	-1.041834844	-1.041900257	-1.042019487	-1.042145238
-1.04203266	-1.041951881	-1.041892531	-1.041848583	-1.041817649	-1.041792991	-1.041775445	-1.041760054	-1.041748352	-1.041734426	-1.041721556	-1.041708823	-1.041696918	-1.041685072	-1.041673585	-1.041662166	-1.041650967	-1.041639899	-1.04162911	-1.041618677	-1.041607833	-1.041593521	-1.041580142	-1.041569325	-1.041560184	-1.041557464	-1.041557519	-1.041572779	-1.04159206	-1.041643871	-1.041699976	-1.04181227	-1.041924955
-1.041938209	-1.041853681	-1.041787426	-1.041739749	-1.041703424	-1.041675038	-1.041652958	-1.041633829	-1.04161801	-1.041599074	-1.041580463	-1.041562116	-1.041544594	-1.041527127	-1.04151005	-1.041493014	-1.041476217	-1.041459512	-1.041443114	-1.041426994	-1.041408978	-1.041386194	-1.041364499	-1.041344975	-1.041327489	-1.041315584	-1.041307252	-1.041312387	-1.041323234	-1.04136332	-1.041410965	-1.04150973	-1.041604763
-1.041797406	-1.041707257	-1.041632176	-1.041578902	-1.041535292	-1.041501304	-1.041472803	-1.041448056	-1.041426235	-1.041399865	-1.041372729	-1.041346024	-1.041320059	-1.041294202	-1.041268732	-1.041243292	-1.041218108	-1.041192977	-1.04116818	-1.041143581	-1.041114351	-1.041078992	-1.041044876	-1.041012532	-1.040982582	-1.040957357	-1.040936495	-1.040927328	-1.040925566	-1.040949676	-1.040984639	-1.041062851	-1.041137707
-1.04158837	-1.041489808	-1.041403065	-1.041341403	-1.041287691	-1.041245302	-1.041207568	-1.041174395	-1.041143756	-1.041106382	-1.041066579	-1.041027373	-1.040988822	-1.04095045	-1.04091242	-1.040874438	-1.04083671	-1.040799005	-1.040761657	-1.040724428	-1.040677785	-1.040623791	-1.040571185	-1.040519945	-1.040471446	-1.040426798	-1.040387288	-1.040357659	-1.040337115	-1.040338988	-1.040355017	-1.040400242	-1.040447532
-1.041279083	-1.041167966	-1.041065376	-1.040991174	-1.040923188	-1.040868232	-1.040817089	-1.040771309	-1.040727667	-1.040674066	-1.040615473	-1.040557641	-1.040500377	-1.040443358	-1.040386639	-1.04033	-1.040273579	-1.040217179	-1.040161133	-1.040105141	-1.04003169	-1.03995019	-1.03987021	-1.039791189	-1.039715233	-1.039642244	-1.039575134	-1.039516051	-1.039467691	-1.039438197	-1.039426123	-1.039421822	-1.039428408
-1.04082293	-1.040693146	-1.04056856	-1.040475686	-1.040387275	-1.040313592	-1.040242872	-1.040178301	-1.040115473	-1.040038068	-1.03995172	-1.039866292	-1.039781345	-1.039696706	-1.039612324	-1.039528051	-1.039443962	-1.039359909	-1.039276164	-1.039192456	-1.039078181	-1.038956384	-1.038836221	-1.03871661	-1.038600361	-1.038486186	-1.038378574	-1.038277105	-1.038187909	-1.038113927	-1.038060518	-1.03798205	-1.037929328
-1.040155123	-1.039995156	-1.039839622	-1.039719098	-1.039601277	-1.039499843	-1.039400523	-1.039308108	-1.039217039	-1.039104988	-1.038977958	-1.038851998	-1.038726433	-1.038601228	-1.038476242	-1.038351391	-1.03822669	-1.038102034	-1.037977642	-1.037853312	-1.037677872	-1.037497819	-1.037319366	-1.037141127	-1.036966499	-1.036793063	-1.036626781	-1.036464749	-1.036316386	-1.036179501	-1.036047759	-1.035878384	-1.035740941
-1.039179587	-1.03897379	-1.038776153	-1.038613333	-1.038453164	-1.038310963	-1.038170036	-1.038036714	-1.037904352	-1.037742442	-1.037556515	-1.037371792	-1.037187381	-1.037003372	-1.036819548	-1.036635877	-1.036452325	-1.036268821	-1.03608554	-1.035900318	-1.035637429	-1.035374711	-1.035113348	-1.034852117	-1.034594384	-1.034337137	-1.034087503	-1.033840249	-1.033607818	-1.033383094	-1.033131772	-1.032840715	-1.032585664
-1.03775829	-1.037488572	-1.037232473	-1.037007427	-1.036787623	-1.036585388	-1.036384531	-1.036191893	-1.035999845	-1.035767372	-1.035497782	-1.035229514	-1.034961478	-1.034693868	-1.034426418	-1.034159131	-1.033891935	-1.03362478	-1.033357813	-1.033076558	-1.032699399	-1.032322469	-1.031946648	-1.031571062	-1.031198425	-1.030826165	-1.030461064	-1.030096923	-1.029748395	-1.029403867	-1.028982509	-1.028531681	-1.028119766
-1.035706049	-1.035347967	-1.035008861	-1.034696895	-1.034393497	-1.034105514	-1.03382028	-1.033542841	-1.033266106	-1.032936129	-1.03255101	-1.032167302	-1.031783754	-1.031400637	-1.03101766	-1.030634852	-1.030252108	-1.029869386	-1.029486825	-1.029070532	-1.028541742	-1.028013231	-1.027485584	-1.026958239	-1.026433295	-1.025908973	-1.025390483	-1.024872863	-1.024369452	-1.023867411	-1.02322032	-1.022569986	-1.021959645
-1.032779315	-1.032301651	-1.031847993	-1.031417433	-1.030998532	-1.03059283	-1.030191465	-1.029796738	-1.029403358	-1.028942857	-1.028404467	-1.027867543	-1.027330718	-1.026794302	-1.02625802	-1.0257219	-1.025185822	-1.024649734	-1.024113789	-1.023517694	-1.022798215	-1.02207905	-1.021360514	-1.020642302	-1.019925956	-1.019210402	-1.018499337	-1.017789641	-1.017091186	-1.016355453	-1.015470363	-1.014586558	-1.013741227
-1.028676505	-1.028042676	-1.027437192	-1.026850689	-1.026278515	-1.025717295	-1.025161781	-1.024611731	-1.024063699	-1.023436299	-1.022705291	-1.021975583	-1.021246014	-1.020516805	-1.019787734	-1.019058806	-1.018329906	-1.017600948	-1.016872128	-1.016052853	-1.015109201	-1.014165878	-1.013222966	-1.012280347	-1.011339092	-1.010398699	-1.009461485	-1.00852594	-1.007598677	-1.006581506	-1.005445339	-1.004311089	-1.003205331
-1.023056486	-1.02222894	-1.021432861	-1.020651681	-1.019886823	-1.019130706	-1.018381337	-1.017636271	-1.016893745	-1.016064684	-1.015107296	-1.014150977	-1.013194889	-1.012239018	-1.011283335	-1.010327761	-1.009372208	-1.008416533	-1.007461003	-1.006387123	-1.005199884	-1.004012965	-1.002826265	-1.001639764	-1.000454181	-0.999269408	-0.998086595	-0.996905499	-0.995729878	-0.99441756	-0.993029957	-0.991644948	-0.990276352
-1.015583297	-1.014531078	-1.013511564	-1.012503065	-1.011511904	-1.010527384	-1.009550205	-1.008576222	-1.007605105	-1.006547988	-1.005344672	-1.004142214	-1.002940049	-1.001737946	-1.000536088	-0.99933428	-0.998132498	-0.996930513	-0.995728695	-0.994390267	-0.992959632	-0.991529269	-0.990098972	-0.988668709	-0.987238998	-0.985809902	-0.984381705	-0.982954978	-0.98153122	-0.979944693	-0.97832854	-0.976714389	-0.975105679
-1.005995042	-1.004702479	-1.00344123	-1.002187541	-1.000950911	-0.99971904	-0.998494528	-0.997272207	-0.996052835	-0.994756089	-0.993307139	-0.991858864	-0.990410895	-0.988962847	-0.98751508	-0.986067307	-0.984619558	-0.98317152	-0.981723675	-0.980137836	-0.978487024	-0.976836392	-0.975185724	-0.973534849	-0.971884259	-0.970233935	-0.968583669	-0.966934289	-0.965192593	-0.963375926	-0.961560751	-0.959745577	-0.957926939
-0.994175992	-0.992648134	-0.991146921	-0.989650501	-0.988169292	-0.98669129	-0.98521998	-0.983750015	-0.982282793	-0.980753856	-0.979082868	-0.977412404	-0.975742204	-0.974071807	-0.972401699	-0.970731536	-0.969061378	-0.967390853	-0.965671966	-0.963830695	-0.961989118	-0.960147595	-0.958305984	-0.956463848	-0.954621846	-0.952779583	-0.950936805	-0.949054964	-0.947064013	-0.945071838	-0.943077857	-0.941080465	-0.939073475
-0.980198381	-0.978464548	-0.976748066	-0.97503504	-0.97333364	-0.971634336	-0.969940301	-0.968246972	-0.966555864	-0.964729156	-0.962865978	-0.961003218	-0.959140623	-0.957277739	-0.955415118	-0.953552404	-0.951689657	-0.949826474	-0.947833212	-0.945820724	-0.943807861	-0.941794934	-0.939781872	-0.93776792	-0.935754062	-0.933739244	-0.931723648	-0.929574099	-0.927417489	-0.925257088	-0.923093086	-0.920920966	-0.918736179
-0.964243114	-0.962337384	-0.960437531	-0.958540485	-0.956649262	-0.954759783	-0.952873381	-0.950987293	-0.949063711	-0.947028213	-0.944992648	-0.942957443	-0.940922251	-0.938886703	-0.936851353	-0.934815883	-0.932780318	-0.930681841	-0.92850606	-0.926329988	-0.924153437	-0.921976724	-0.919799775	-0.917621641	-0.915443521	-0.913263756	-0.910993071	-0.908667581	-0.906340733	-0.904006852	-0.901669094	-0.899317375	-0.896952873
-0.946645365	-0.944588677	-0.942528631	-0.940468626	-0.938408632	-0.936349808	-0.93429122	-0.93223278	-0.930073266	-0.927873684	-0.925673532	-0.923473735	-0.92127373	-0.919073332	-0.916873037	-0.914672613	-0.912471241	-0.91012666	-0.907782178	-0.905437357	-0.903091914	-0.900746243	-0.898400179	-0.896052699	-0.893705033	-0.891310446	-0.888807694	-0.886300687	-0.883792522	-0.881273537	-0.878751777	-0.876209245	-0.8736564
-0.927621713	-0.92542168	-0.923211873	-0.920996795	-0.918777362	-0.91655722	-0.914334955	-0.912088677	-0.909719931	-0.90735126	-0.904981375	-0.902611904	-0.900241947	-0.897871596	-0.895501209	-0.893130705	-0.8906754	-0.888150539	-0.885625657	-0.883100415	-0.88057436	-0.878048044	-0.875521111	-0.872992596	-0.87046359	-0.867783103	-0.865091171	-0.862394209	-0.859695205	-0.856983706	-0.854269715	-0.851528745	-0.848781335
-0.90725691	-0.904907145	-0.902544199	-0.900168512	-0.897785676	-0.895398977	-0.893008521	-0.890523539	-0.887974392	-0.885424864	-0.882873715	-0.880322899	-0.877771303	-0.875219319	-0.872667101	-0.870101605	-0.867388382	-0.864674566	-0.861960558	-0.8592462	-0.856530774	-0.853815098	-0.851098499	-0.848380219	-0.845574826	-0.842700943	-0.839824525	-0.836942652	-0.834057458	-0.831158831	-0.828255573	-0.825324045	-0.822327236
-0.8855179	-0.88300486	-0.880478114	-0.877929451	-0.875372401	-0.872807221	-0.870233806	-0.867498014	-0.864760075	-0.86202101	-0.85928005	-0.856539154	-0.853797338	-0.851055012	-0.848312284	-0.84547717	-0.842580004	-0.839682285	-0.836784148	-0.833885705	-0.830985856	-0.828085818	-0.825184448	-0.822205843	-0.81916704	-0.816125498	-0.813080392	-0.810029728	-0.806974032	-0.803904662	-0.800827798	-0.79766457	-0.794436876
-0.862333142	-0.859646291	-0.856947772	-0.854216827	-0.851477713	-0.848725221	-0.845900084	-0.842981189	-0.840060003	-0.837136652	-0.834211241	-0.831285468	-0.828358692	-0.825431163	-0.822437259	-0.819373455	-0.816308726	-0.813243442	-0.81017741	-0.807111174	-0.804043103	-0.800974972	-0.797845172	-0.794661857	-0.791476255	-0.788288072	-0.785095013	-0.781896639	-0.778691056	-0.77547221	-0.772192714	-0.768850995	-0.765491509
-0.83769552	-0.834838687	-0.83197444	-0.829066134	-0.8261512	-0.823187265	-0.820111099	-0.817025832	-0.813938422	-0.81084746	-0.807754403	-0.804660385	-0.801565332	-0.798429643	-0.795220118	-0.792010246	-0.78879937	-0.785587755	-0.782375259	-0.779162544	-0.775947504	-0.772691205	-0.769388551	-0.766084487	-0.762777139	-0.759467576	-0.756151488	-0.752830711	-0.749500005	-0.746120985	-0.742704273	-0.73926268	-0.735796234
-0.811670863	-0.808660477	-0.805648294	-0.802579348	-0.799506547	-0.796295574	-0.793078643	-0.789848918	-0.786617505	-0.783380753	-0.78014203	-0.776901519	-0.773643242	-0.770314063	-0.766984437	-0.763654164	-0.76032284	-0.756990499	-0.753657198	-0.750323418	-0.746962913	-0.743568219	-0.740170353	-0.736771325	-0.733367748	-0.729962575	-0.726548831	-0.723131449	-0.719679716	-0.716205392	-0.712710034	-0.709193226	-0.705643375
-0.784462396	-0.781334195	-0.778194963	-0.774989953	-0.771719857	-0.768390483	-0.765059896	-0.761712048	-0.758363343	-0.755007039	-0.751649066	-0.748286991	-0.74486613	-0.74144309	-0.738019662	-0.734595162	-0.731169608	-0.727742658	-0.724314713	-0.72087518	-0.717410462	-0.713945366	-0.71047692	-0.70700699	-0.703531825	-0.700055543	-0.696568194	-0.693072502	-0.689555735	-0.68603113	-0.682479289	-0.678910595	-0.675299597
-0.756341821	-0.753123803	-0.749878593	-0.746544433	-0.743167574	-0.739752548	-0.736336092	-0.732897089	-0.729458467	-0.726009412	-0.722559217	-0.719076707	-0.715587796	-0.712095845	-0.708603643	-0.705109781	-0.701614931	-0.698118174	-0.694618377	-0.691109435	-0.687597843	-0.684085326	-0.680569373	-0.677051239	-0.673527712	-0.670003276	-0.666476953	-0.662948767	-0.659399576	-0.655845525	-0.652257158	-0.64865771	-0.645005682
-0.727583199	-0.724303934	-0.720974575	-0.717558985	-0.71412377	-0.71065217	-0.707173823	-0.703672005	-0.70016949	-0.696653351	-0.693130491	-0.689597503	-0.686064373	-0.682527054	-0.67898973	-0.675449954	-0.671909348	-0.66837254	-0.664839493	-0.661304442	-0.657766808	-0.654227525	-0.650684843	-0.647139074	-0.643604617	-0.640080787	-0.636545414	-0.633006294	-0.629446448	-0.625880948	-0.622277881	-0.618693552	-0.615069754
-0.698445538	-0.695132071	-0.691745862	-0.688308195	-0.684839035	-0.681336427	-0.677820048	-0.674281067	-0.670737535	-0.667189981	-0.663641939	-0.660086092	-0.656530298	-0.652968816	-0.649407719	-0.645843128	-0.642306568	-0.638768993	-0.635230801	-0.631689753	-0.628146323	-0.624600311	-0.621051102	-0.617545852	-0.614037517	-0.610524287	-0.606999939	-0.603469494	-0.599919226	-0.596359731	-0.592832472	-0.589295164	-0.585695335
-0.669165905	-0.665854025	-0.662458805	-0.659022231	-0.655541045	-0.652030537	-0.648498089	-0.644948649	-0.641417039	-0.637872307	-0.634323235	-0.630766253	-0.627208186	-0.623643688	-0.620091491	-0.616573392	-0.613055204	-0.609532462	-0.606009478	-0.602482568	-0.598953644	-0.595444558	-0.591978099	-0.588505945	-0.585029142	-0.581545496	-0.578051602	-0.574548778	-0.57106981	-0.567629044	-0.564155732	-0.560665864	-0.557119238
-0.639993327	-0.636715392	-0.633333517	-0.629920179	-0.626448022	-0.622951873	-0.619442009	-0.615947369	-0.612437861	-0.608916208	-0.605386934	-0.601849983	-0.598310097	-0.594799924	-0.591322591	-0.587840263	-0.584357543	-0.580869271	-0.577381122	-0.573887732	-0.570458894	-0.567053682	-0.563646299	-0.560231492	-0.556812897	-0.553385127	-0.549948472	-0.54649956	-0.543103178	-0.539739614	-0.536347568	-0.532932101	-0.529466926
-0.611149664	-0.607926563	-0.604578456	-0.601210067	-0.59776777	-0.594345352	-0.590914285	-0.587468364	-0.584001015	-0.580523128	-0.577033647	-0.573537127	-0.570109721	-0.566697381	-0.563282928	-0.55986351	-0.556442697	-0.55301631	-0.549589504	-0.546156833	-0.542811847	-0.539491917	-0.536170738	-0.532840098	-0.529506896	-0.526161806	-0.522809719	-0.519441576	-0.516152332	-0.512880219	-0.509584653	-0.506258233	-0.502890308
-0.582835225	-0.579686391	-0.576391367	-0.573088351	-0.569763153	-0.566457054	-0.563098492	-0.559729405	-0.556331529	-0.552925395	-0.549503022	-0.546074711	-0.542727895	-0.539407616	-0.536083358	-0.5327544	-0.529422741	-0.526085686	-0.522747142	-0.519402849	-0.516159886	-0.512940369	-0.509719513	-0.506487538	-0.503254275	-0.500006041	-0.496753233	-0.493480142	-0.490310769	-0.487138662	-0.483949006	-0.480720632	-0.477459928
-0.555272477	-0.552209537	-0.549008492	-0.545797265	-0.542553324	-0.539358915	-0.536100315	-0.532836357	-0.529535538	-0.52622941	-0.522901761	-0.519569772	-0.516319811	-0.513106464	-0.509886853	-0.506663072	-0.503434964	-0.500201861	-0.496965933	-0.493724587	-0.490593703	-0.487483195	-0.484370046	-0.481246205	-0.478120284	-0.474978507	-0.471833826	-0.468664269	-0.465620026	-0.462551305	-0.459471684	-0.456345205	-0.453196327
-0.528564333	-0.525607869	-0.522532887	-0.519427398	-0.516292782	-0.513220936	-0.510080453	-0.506936685	-0.503747409	-0.500556414	-0.497338045	-0.494117432	-0.490973736	-0.487876154	-0.484769613	-0.481659725	-0.478543553	-0.47542304	-0.472298085	-0.469168287	-0.466153455	-0.463155125	-0.460152593	-0.457140127	-0.454123724	-0.451092571	-0.448056302	-0.445001135	-0.442075135	-0.439110469	-0.436140604	-0.433115629	-0.430078704
-0.502846978	-0.500009393	-0.497073536	-0.49408691	-0.49107066	-0.488123337	-0.485115272	-0.482095337	-0.479030922	-0.475963502	-0.472863226	-0.469762867	-0.466729859	-0.463751364	-0.460760823	-0.457768067	-0.454766748	-0.451762006	-0.448750934	-0.445735847	-0.442835939	-0.439948544	-0.43705513	-0.434152885	-0.431244561	-0.42832304	-0.4253937	-0.422461749	-0.41963538	-0.416774504	-0.413905722	-0.410983744	-0.408055079
-0.478186824	-0.475474255	-0.47268385	-0.469822891	-0.466929717	-0.464108752	-0.461235891	-0.45834043	-0.455405703	-0.452460617	-0.449485584	-0.446507276	-0.443586526	-0.440725863	-0.437849728	-0.434972847	-0.432084775	-0.429194475	-0.426295718	-0.423394052	-0.420604096	-0.417823092	-0.415034013	-0.412237536	-0.409432585	-0.406616421	-0.403789436	-0.400974467	-0.3982413	-0.395478411	-0.392702173	-0.389880222	-0.38704415
-0.45434038	-0.451782222	-0.449166803	-0.44646162	-0.443728382	-0.441058567	-0.438346368	-0.43560055	-0.432821464	-0.430024177	-0.42720051	-0.424368225	-0.421582514	-0.418859245	-0.416120718	-0.413380842	-0.41062765	-0.407873319	-0.405108161	-0.402341426	-0.399667585	-0.397011265	-0.394344661	-0.391672375	-0.388989047	-0.38629682	-0.383590628	-0.380889915	-0.378266536	-0.375618591	-0.372951859	-0.370247122	-0.367521026
-0.431583898	-0.429173119	-0.426725093	-0.424169338	-0.421589996	-0.419062374	-0.416502306	-0.413897671	-0.41126632	-0.408608724	-0.405928871	-0.403234731	-0.400576813	-0.397980847	-0.395371071	-0.392757204	-0.390131045	-0.387502448	-0.384862351	-0.382221291	-0.379654743	-0.377113095	-0.374558783	-0.372000769	-0.369428984	-0.366850919	-0.364255596	-0.361660907	-0.359137745	-0.356595483	-0.35402898	-0.351432387	-0.348807343
-0.409875696	-0.407602063	-0.405310357	-0.402894418	-0.400460073	-0.39806363	-0.395644889	-0.393170914	-0.390677169	-0.388149108	-0.385603359	-0.383037459	-0.380498791	-0.378019566	-0.375528357	-0.37303005	-0.370520793	-0.368006828	-0.365482425	-0.362955319	-0.360488876	-0.358051467	-0.355599946	-0.3531464	-0.350676237	-0.348202661	-0.345708445	-0.343211634	-0.34078	-0.338334921	-0.335860228	-0.333363413	-0.33083132
-0.38914634	-0.387005813	-0.384856642	-0.382569541	-0.380273699	-0.377992286	-0.375702977	-0.37334824	-0.37098091	-0.368571328	-0.36614896	-0.363700506	-0.361272034	-0.358899068	-0.356516279	-0.354123184	-0.351720767	-0.349311175	-0.346892467	-0.344468987	-0.34209474	-0.339751008	-0.337394608	-0.335035019	-0.332658965	-0.330280996	-0.327879025	-0.325474369	-0.323125069	-0.320769866	-0.318379852	-0.315975588	-0.313529572
-0.369328108	-0.367311343	-0.365273687	-0.363120014	-0.360947862	-0.35877285	-0.356601007	-0.354354172	-0.352102002	-0.349799922	-0.347490178	-0.34514846	-0.342821275	-0.340544905	-0.338261151	-0.335963748	-0.333658903	-0.331344266	-0.329022068	-0.326692883	-0.324403691	-0.322145688	-0.319876694	-0.317602388	-0.315313669	-0.31302061	-0.310706393	-0.308389054	-0.306114412	-0.303843117	-0.301532062	-0.29921441	-0.296848991
-0.350348004	-0.348443334	-0.346504701	-0.34447089	-0.342401942	-0.340331175	-0.338257916	-0.336116123	-0.333967607	-0.33176383	-0.329556664	-0.327311797	-0.325077639	-0.322889472	-0.32069658	-0.318486628	-0.316271324	-0.314043511	-0.311809892	-0.309566966	-0.307356772	-0.305178004	-0.302990118	-0.300794697	-0.298587123	-0.296372698	-0.294140166	-0.29190145	-0.289700089	-0.287504007	-0.285271479	-0.283035003	-0.280746695
-0.332134317	-0.330330237	-0.328479174	-0.326552524	-0.324575616	-0.322599531	-0.320612915	-0.318568905	-0.316508301	-0.314400347	-0.312284223	-0.310130281	-0.307981852	-0.305874929	-0.303766094	-0.301636789	-0.299504383	-0.297356706	-0.29520514	-0.293041884	-0.290905717	-0.28880105	-0.286689293	-0.284567721	-0.282436414	-0.280295705	-0.278140081	-0.27597521	-0.273843988	-0.27171818	-0.269562092	-0.267397041	-0.265188678
-0.314622342	-0.312908359	-0.311134918	-0.309304127	-0.307409551	-0.305519702	-0.303611726	-0.301657188	-0.299676817	-0.297656981	-0.29562174	-0.293554245	-0.291481879	-0.28945404	-0.287423064	-0.285369639	-0.283314793	-0.28124192	-0.279167193	-0.277078377	-0.275012229	-0.27297765	-0.270938126	-0.26888649	-0.266827643	-0.264756845	-0.262674401	-0.260579691	-0.258516093	-0.256457877	-0.254375409	-0.252279217	-0.250147899
-0.297755789	-0.296123901	-0.294419802	-0.292675161	-0.290854806	-0.289043922	-0.287208061	-0.285336002	-0.2834296	-0.281491462	-0.279531092	-0.277544074	-0.27554392	-0.273589366	-0.271629402	-0.269649928	-0.267666909	-0.265666099	-0.263664081	-0.261645594	-0.259646232	-0.257678571	-0.255708181	-0.253723403	-0.251733997	-0.24973014	-0.247717926	-0.24569053	-0.243692451	-0.241699678	-0.239688484	-0.237659114	-0.235602398
-0.28149038	-0.279933155	-0.27829168	-0.276625008	-0.274872287	-0.273134137	-0.2713651	-0.269569675	-0.267732179	-0.265870411	-0.263980074	-0.262068626	-0.260138967	-0.25825148	-0.25635891	-0.25444988	-0.252534183	-0.250603114	-0.248668375	-0.246719054	-0.244783148	-0.242880493	-0.240976688	-0.239056275	-0.237133832	-0.235194522	-0.233250112	-0.231287744	-0.229353356	-0.22742424	-0.225482275	-0.223518034	-0.221533746
-0.265790127	-0.264300617	-0.262717007	-0.261121488	-0.259431081	-0.257760298	-0.25605376	-0.254330002	-0.252557275	-0.250767393	-0.248943146	-0.24710318	-0.245240257	-0.243416968	-0.24158877	-0.239747221	-0.237895964	-0.236031838	-0.234161505	-0.232278779	-0.230402635	-0.22856425	-0.22672333	-0.224866704	-0.223008983	-0.221132339	-0.219253651	-0.217354391	-0.215482056	-0.21361507	-0.211740486	-0.209839896	-0.207926036
-0.250625101	-0.249191748	-0.247668893	-0.246133426	-0.244506412	-0.242898378	-0.241250704	-0.239594307	-0.237882886	-0.236161009	-0.234399553	-0.232627558	-0.230828241	-0.229066594	-0.227300181	-0.225523524	-0.223734242	-0.221934634	-0.220126349	-0.218307913	-0.21648959	-0.214713558	-0.212932928	-0.211138953	-0.209341725	-0.207528375	-0.205712342	-0.203875763	-0.202063988	-0.200257791	-0.198448887	-0.196610638	-0.194765358
-0.235972757	-0.234591062	-0.233125288	-0.2316391	-0.230077791	-0.228520878	-0.226936572	-0.225342482	-0.223690663	-0.222033364	-0.22033187	-0.218624746	-0.216886343	-0.215184014	-0.213477125	-0.211763044	-0.210033586	-0.208296338	-0.206548048	-0.204791858	-0.203029641	-0.201314259	-0.199592275	-0.197859308	-0.196121001	-0.194369345	-0.192612693	-0.190838971	-0.189083673	-0.187339824	-0.18559446	-0.183818039	-0.182039658
-0.221813137	-0.220479492	-0.219067509	-0.217627714	-0.21612774	-0.214617451	-0.213094758	-0.211553689	-0.209964795	-0.208365942	-0.206725012	-0.205079986	-0.203400154	-0.201755023	-0.200105658	-0.198452067	-0.196780542	-0.195103718	-0.193413617	-0.191717852	-0.190011112	-0.188354012	-0.186689251	-0.18501585	-0.183335114	-0.181643742	-0.17994518	-0.178232905	-0.176532319	-0.174850421	-0.17316383	-0.171451755	-0.169736296
-0.208128402	-0.206839636	-0.205479268	-0.204083477	-0.202640983	-0.201175141	-0.199710732	-0.198220425	-0.196691436	-0.195145982	-0.193565746	-0.191976426	-0.190357009	-0.18876626	-0.187173605	-0.185578652	-0.183963426	-0.182345313	-0.180711853	-0.179074906	-0.177425106	-0.175822241	-0.174213557	-0.172598507	-0.170974244	-0.169341964	-0.167700442	-0.166048406	-0.164401752	-1.63E-01	-1.61E-01	-1.60E-01	-1.58E-01
-0.194904143	-0.193657525	-0.19234619	-0.190992392	-0.189603969	-0.188180736	-0.18677169	-0.185330243	-0.18385849	-0.182364552	-0.180842601	-0.17930667	-0.177745985	-0.176205558	-0.174670564	-0.173130976	-0.171572391	-0.170011536	-0.16843344	-0.166853955	-0.16525988	-1.64E-01	-1.62E-01	-1.61E-01	-1.59E-01	-1.57E-01	-1.56E-01	-1.54E-01	-1.53E-01	-1.51E-01	-1.50E-01	-1.48E-01	-1.46E-01
-0.182126778	-0.180920148	-0.17965567	-0.178342245	-0.177004952	-0.175622805	-0.1742666	-0.172872464	-0.171455648	-0.170011688	-0.168545948	-0.167061914	-0.165558098	-1.64E-01	-1.63E-01	-1.61E-01	-1.60E-01	-1.58E-01	-1.57E-01	-1.55E-01	-1.54E-01	-1.52E-01	-1.51E-01	-1.49E-01	-1.47E-01	-1.46E-01	-1.44E-01	-1.43E-01	-1.41E-01	-1.40E-01	-1.38E-01	-1.37E-01	-1.35E-01
-0.169784446	-0.168615975	-0.167396998	-0.166122712	-0.164834062	-1.63E-01	-1.62E-01	-1.61E-01	-1.59E-01	-1.58E-01	-1.57E-01	-1.55E-01	-1.54E-01	-1.52E-01	-1.51E-01	-1.49E-01	-1.48E-01	-1.47E-01	-1.45E-01	-1.44E-01	-1.42E-01	-1.41E-01	-1.39E-01	-1.38E-01	-1.36E-01	-1.35E-01	-1.33E-01	-1.32E-01	-1.30E-01	-1.29E-01	-1.28E-01	-1.26E-01	-1.25E-01
-1.58E-01	-1.57E-01	-1.56E-01	-1.54E-01	-1.53E-01	-1.52E-01	-1.51E-01	-1.49E-01	-1.48E-01	-1.47E-01	-1.45E-01	-1.44E-01	-1.42E-01	-1.41E-01	-1.40E-01	-1.38E-01	-1.37E-01	-1.35E-01	-1.34E-01	-1.33E-01	-1.31E-01	-1.30E-01	-1.28E-01	-1.27E-01	-1.26E-01	-1.24E-01	-1.23E-01	-1.21E-01	-1.20E-01	-1.19E-01	-1.17E-01	-1.16E-01	-1.14E-01
-1.46E-01	-1.45E-01	-1.44E-01	-1.43E-01	-1.42E-01	-1.40E-01	-1.39E-01	-1.38E-01	-1.37E-01	-1.35E-01	-1.34E-01	-1.33E-01	-1.31E-01	-1.30E-01	-1.29E-01	-1.27E-01	-1.26E-01	-1.25E-01	-1.23E-01	-1.22E-01	-1.21E-01	-1.19E-01	-1.18E-01	-1.17E-01	-1.15E-01	-1.14E-01	-1.13E-01	-1.11E-01	-1.10E-01	-1.09E-01	-1.07E-01	-1.06E-01	-1.05E-01
-1.35E-01	-1.34E-01	-1.33E-01	-1.32E-01	-1.31E-01	-1.30E-01	-1.28E-01	-1.27E-01	-1.26E-01	-1.25E-01	-1.24E-01	-1.22E-01	-1.21E-01	-1.20E-01	-1.18E-01	-1.17E-01	-1.16E-01	-1.15E-01	-1.13E-01	-1.12E-01	-1.11E-01	-1.09E-01	-1.08E-01	-1.07E-01	-1.05E-01	-1.04E-01	-1.03E-01	-1.02E-01	-1.00E-01	-9.90E-02	-9.78E-02	-9.65E-02	-9.52E-02
-1.25E-01	-1.24E-01	-1.23E-01	-1.21E-01	-1.20E-01	-1.19E-01	-1.18E-01	-1.17E-01	-1.16E-01	-1.14E-01	-1.13E-01	-1.12E-01	-1.11E-01	-1.10E-01	-1.08E-01	-1.07E-01	-1.06E-01	-1.05E-01	-1.03E-01	-1.02E-01	-1.01E-01	-9.97E-02	-9.85E-02	-9.73E-02	-9.61E-02	-9.48E-02	-9.36E-02	-9.24E-02	-9.11E-02	-8.99E-02	-8.87E-02	-8.75E-02	-8.63E-02
-1.14E-01	-1.13E-01	-1.12E-01	-1.11E-01	-1.10E-01	-1.09E-01	-1.08E-01	-1.07E-01	-1.06E-01	-1.05E-01	-1.03E-01	-1.02E-01	-1.01E-01	-9.99E-02	-9.88E-02	-9.76E-02	-9.65E-02	-9.53E-02	-9.41E-02	-9.29E-02	-9.17E-02	-9.05E-02	-8.94E-02	-8.82E-02	-8.71E-02	-8.59E-02	-8.47E-02	-8.36E-02	-8.24E-02	-8.12E-02	-8.01E-02	-7.89E-02	-7.78E-02
-1.05E-01	-1.04E-01	-1.03E-01	-1.02E-01	-1.01E-01	-9.95E-02	-9.84E-02	-9.74E-02	-9.63E-02	-9.52E-02	-9.41E-02	-9.30E-02	-9.19E-02	-9.07E-02	-8.97E-02	-8.86E-02	-8.74E-02	-8.63E-02	-8.52E-02	-8.41E-02	-8.29E-02	-8.18E-02	-8.07E-02	-7.96E-02	-7.85E-02	-7.74E-02	-7.63E-02	-7.52E-02	-7.41E-02	-7.30E-02	-7.20E-02	-7.09E-02	-6.98E-02
-9.51E-02	-9.42E-02	-9.33E-02	-9.23E-02	-9.13E-02	-9.03E-02	-8.93E-02	-8.83E-02	-8.73E-02	-8.63E-02	-8.52E-02	-8.42E-02	-8.31E-02	-8.20E-02	-8.10E-02	-7.99E-02	-7.89E-02	-7.78E-02	-7.68E-02	-7.57E-02	-7.46E-02	-7.36E-02	-7.26E-02	-7.15E-02	-7.05E-02	-6.95E-02	-6.85E-02	-6.74E-02	-6.64E-02	-6.54E-02	-6.44E-02	-6.34E-02	-6.24E-02
-8.62E-02	-8.53E-02	-8.44E-02	-8.35E-02	-8.26E-02	-8.16E-02	-8.07E-02	-7.97E-02	-7.88E-02	-7.78E-02	-7.68E-02	-7.58E-02	-7.48E-02	-7.38E-02	-7.28E-02	-7.18E-02	-7.08E-02	-6.99E-02	-6.89E-02	-6.79E-02	-6.69E-02	-6.59E-02	-6.49E-02	-6.40E-02	-6.30E-02	-6.20E-02	-6.11E-02	-6.01E-02	-5.91E-02	-5.82E-02	-5.73E-02	-5.64E-02	-5.54E-02
-7.77E-02	-7.69E-02	-7.61E-02	-7.52E-02	-7.43E-02	-7.34E-02	-7.25E-02	-7.16E-02	-7.07E-02	-6.98E-02	-6.89E-02	-6.79E-02	-6.70E-02	-6.60E-02	-6.51E-02	-6.42E-02	-6.33E-02	-6.24E-02	-6.15E-02	-6.05E-02	-5.96E-02	-5.87E-02	-5.78E-02	-5.69E-02	-5.60E-02	-5.51E-02	-5.43E-02	-5.34E-02	-5.25E-02	-5.16E-02	-5.07E-02	-4.99E-02	-4.91E-02
-6.97E-02	-6.90E-02	-6.82E-02	-6.74E-02	-6.65E-02	-6.57E-02	-6.48E-02	-6.40E-02	-6.32E-02	-6.23E-02	-6.15E-02	-6.06E-02	-5.97E-02	-5.88E-02	-5.80E-02	-5.71E-02	-5.63E-02	-5.54E-02	-5.46E-02	-5.37E-02	-5.29E-02	-5.20E-02	-5.12E-02	-5.04E-02	-4.96E-02	-4.88E-02	-4.80E-02	-4.71E-02	-4.63E-02	-4.55E-02	-4.48E-02	-4.40E-02	-4.32E-02
-6.22E-02	-6.15E-02	-6.08E-02	-6.00E-02	-5.93E-02	-5.85E-02	-5.77E-02	-5.69E-02	-5.62E-02	-5.54E-02	-5.46E-02	-5.38E-02	-5.30E-02	-5.21E-02	-5.14E-02	-5.06E-02	-4.98E-02	-4.91E-02	-4.83E-02	-4.75E-02	-4.67E-02	-4.59E-02	-4.52E-02	-4.45E-02	-4.37E-02	-4.30E-02	-4.22E-02	-4.15E-02	-4.08E-02	-4.00E-02	-3.93E-02	-3.87E-02	-3.80E-02
-5.53E-02	-5.46E-02	-5.40E-02	-5.33E-02	-5.25E-02	-5.18E-02	-5.11E-02	-5.04E-02	-4.97E-02	-4.90E-02	-4.83E-02	-4.75E-02	-4.68E-02	-4.60E-02	-4.53E-02	-4.46E-02	-4.39E-02	-4.32E-02	-4.25E-02	-4.18E-02	-4.11E-02	-4.04E-02	-3.97E-02	-3.91E-02	-3.84E-02	-3.77E-02	-3.71E-02	-3.64E-02	-3.57E-02	-3.51E-02	-3.45E-02	-3.39E-02	-3.32E-02
-4.89E-02	-4.83E-02	-4.77E-02	-4.70E-02	-4.64E-02	-4.57E-02	-4.50E-02	-4.44E-02	-4.38E-02	-4.31E-02	-4.25E-02	-4.18E-02	-4.12E-02	-4.05E-02	-3.98E-02	-3.92E-02	-3.86E-02	-3.80E-02	-3.73E-02	-3.67E-02	-3.60E-02	-3.54E-02	-3.48E-02	-3.42E-02	-3.36E-02	-3.30E-02	-3.24E-02	-3.18E-02	-3.12E-02	-3.07E-02	-3.01E-02	-2.96E-02	-2.90E-02
-4.30E-02	-4.25E-02	-4.19E-02	-4.14E-02	-4.08E-02	-4.02E-02	-3.96E-02	-3.90E-02	-3.84E-02	-3.79E-02	-3.73E-02	-3.67E-02	-3.61E-02	-3.55E-02	-3.49E-02	-3.43E-02	-3.38E-02	-3.32E-02	-3.27E-02	-3.21E-02	-3.15E-02	-3.09E-02	-3.04E-02	-2.99E-02	-2.94E-02	-2.89E-02	-2.83E-02	-2.78E-02	-2.73E-02	-2.67E-02	-2.63E-02	-2.58E-02	-2.53E-02
-3.77E-02	-3.73E-02	-3.68E-02	-3.62E-02	-3.57E-02	-3.52E-02	-3.46E-02	-3.41E-02	-3.36E-02	-3.31E-02	-3.26E-02	-3.21E-02	-3.15E-02	-3.10E-02	-3.05E-02	-3.00E-02	-2.95E-02	-2.90E-02	-2.85E-02	-2.80E-02	-2.75E-02	-2.70E-02	-2.65E-02	-2.61E-02	-2.56E-02	-2.51E-02	-2.47E-02	-2.42E-02	-2.37E-02	-2.33E-02	-2.29E-02	-2.24E-02	-2.20E-02
-3.30E-02	-3.26E-02	-3.21E-02	-3.17E-02	-3.12E-02	-3.07E-02	-3.02E-02	-2.98E-02	-2.94E-02	-2.89E-02	-2.84E-02	-2.80E-02	-2.75E-02	-2.70E-02	-2.66E-02	-2.61E-02	-2.57E-02	-2.53E-02	-2.48E-02	-2.44E-02	-2.40E-02	-2.35E-02	-2.31E-02	-2.27E-02	-2.23E-02	-2.19E-02	-2.15E-02	-2.11E-02	-2.07E-02	-2.02E-02	-1.99E-02	-1.95E-02	-1.91E-02
-2.87E-02	-2.84E-02	-2.80E-02	-2.76E-02	-2.72E-02	-2.68E-02	-2.63E-02	-2.59E-02	-2.56E-02	-2.52E-02	-2.48E-02	-2.44E-02	-2.40E-02	-2.35E-02	-2.31E-02	-2.28E-02	-2.24E-02	-2.20E-02	-2.16E-02	-2.12E-02	-2.08E-02	-2.04E-02	-2.01E-02	-1.97E-02	-1.94E-02	-1.90E-02	-1.87E-02	-1.83E-02	-1.79E-02	-1.76E-02	-1.73E-02	-1.69E-02	-1.66E-02
-2.50E-02	-2.47E-02	-2.43E-02	-2.40E-02	-2.36E-02	-2.33E-02	-2.29E-02	-2.26E-02	-2.22E-02	-2.19E-02	-2.15E-02	-2.12E-02	-2.08E-02	-2.05E-02	-2.01E-02	-1.98E-02	-1.94E-02	-1.91E-02	-1.88E-02	-1.84E-02	-1.81E-02	-1.78E-02	-1.74E-02	-1.71E-02	-1.68E-02	-1.65E-02	-1.62E-02	-1.59E-02	-1.56E-02	-1.53E-02	-1.50E-02	-1.47E-02	-1.44E-02
-2.17E-02	-2.14E-02	-2.11E-02	-2.08E-02	-2.05E-02	-2.02E-02	-1.99E-02	-1.96E-02	-1.93E-02	-1.90E-02	-1.87E-02	-1.84E-02	-1.81E-02	-1.78E-02	-1.75E-02	-1.72E-02	-1.69E-02	-1.66E-02	-1.63E-02	-1.60E-02	-1.57E-02	-1.54E-02	-1.51E-02	-1.49E-02	-1.46E-02	-1.43E-02	-1.41E-02	-1.38E-02	-1.35E-02	-1.32E-02	-1.30E-02	-1.28E-02	-1.25E-02
-1.88E-02	-1.86E-02	-1.83E-02	-1.81E-02	-1.78E-02	-1.75E-02	-1.72E-02	-1.70E-02	-1.67E-02	-1.65E-02	-1.62E-02	-1.60E-02	-1.57E-02	-1.54E-02	-1.51E-02	-1.49E-02	-1.46E-02	-1.44E-02	-1.41E-02	-1.39E-02	-1.36E-02	-1.34E-02	-1.31E-02	-1.29E-02	-1.27E-02	-1.24E-02	-1.22E-02	-1.20E-02	-1.17E-02	-1.15E-02	-1.13E-02	-1.11E-02	-1.08E-02
-1.63E-02	-1.61E-02	-1.59E-02	-1.57E-02	-1.54E-02	-1.52E-02	-1.49E-02	-1.47E-02	-1.45E-02	-1.43E-02	-1.41E-02	-1.38E-02	-1.36E-02	-1.34E-02	-1.31E-02	-1.29E-02	-1.27E-02	-1.25E-02	-1.23E-02	-1.20E-02	-1.18E-02	-1.16E-02	-1.14E-02	-1.12E-02	-1.10E-02	-1.08E-02	-1.06E-02	-1.04E-02	-1.02E-02	-9.96E-03	-9.76E-03	-9.58E-03	-9.39E-03
-1.41E-02	-1.39E-02	-1.37E-02	-1.36E-02	-1.34E-02	-1.32E-02	-1.29E-02	-1.28E-02	-1.26E-02	-1.24E-02	-1.22E-02	-1.20E-02	-1.18E-02	-1.16E-02	-1.14E-02	-1.12E-02	-1.10E-02	-1.08E-02	-1.06E-02	-1.04E-02	-1.02E-02	-1.01E-02	-9.86E-03	-9.69E-03	-9.52E-03	-9.34E-03	-9.16E-03	-8.99E-03	-8.81E-03	-8.62E-03	-8.46E-03	-8.30E-03	-8.13E-03
-1.22E-02	-1.20E-02	-1.19E-02	-1.17E-02	-1.16E-02	-1.14E-02	-1.12E-02	-1.10E-02	-1.09E-02	-1.07E-02	-1.06E-02	-1.04E-02	-1.02E-02	-1.00E-02	-9.85E-03	-9.69E-03	-9.54E-03	-9.37E-03	-9.21E-03	-9.04E-03	-8.88E-03	-8.71E-03	-8.54E-03	-8.39E-03	-8.24E-03	-8.09E-03	-7.94E-03	-7.78E-03	-7.63E-03	-7.47E-03	-7.32E-03	-7.18E-03	-7.04E-03
-1.05E-02	-1.04E-02	-1.03E-02	-1.01E-02	-1.00E-02	-9.86E-03	-9.70E-03	-9.56E-03	-9.42E-03	-9.28E-03	-9.14E-03	-8.99E-03	-8.84E-03	-8.69E-03	-8.53E-03	-8.39E-03	-8.26E-03	-8.12E-03	-7.97E-03	-7.83E-03	-7.69E-03	-7.54E-03	-7.39E-03	-7.26E-03	-7.13E-03	-7.00E-03	-6.87E-03	-6.73E-03	-6.60E-03	-6.46E-03	-6.34E-03	-6.21E-03	-6.09E-03
-9.12E-03	-9.01E-03	-8.89E-03	-8.77E-03	-8.65E-03	-8.52E-03	-8.39E-03	-8.27E-03	-8.15E-03	-8.03E-03	-7.90E-03	-7.78E-03	-7.65E-03	-7.52E-03	-7.38E-03	-7.26E-03	-7.14E-03	-7.02E-03	-6.90E-03	-6.78E-03	-6.65E-03	-6.52E-03	-6.40E-03	-6.28E-03	-6.17E-03	-6.06E-03	-5.94E-03	-5.83E-03	-5.71E-03	-5.59E-03	-5.48E-03	-5.37E-03	-5.27E-03
-7.88E-03	-7.78E-03	-7.69E-03	-7.58E-03	-7.48E-03	-7.37E-03	-7.25E-03	-7.15E-03	-7.04E-03	-6.94E-03	-6.84E-03	-6.73E-03	-6.62E-03	-6.50E-03	-6.39E-03	-6.28E-03	-6.18E-03	-6.07E-03	-5.97E-03	-5.86E-03	-5.75E-03	-5.64E-03	-5.53E-03	-5.43E-03	-5.34E-03	-5.24E-03	-5.14E-03	-5.04E-03	-4.94E-03	-4.83E-03	-4.74E-03	-4.64E-03	-4.55E-03
-6.80E-03	-6.72E-03	-6.64E-03	-6.55E-03	-6.46E-03	-6.37E-03	-6.27E-03	-6.17E-03	-6.09E-03	-6.00E-03	-5.91E-03	-5.82E-03	-5.72E-03	-5.62E-03	-5.52E-03	-5.43E-03	-5.34E-03	-5.25E-03	-5.16E-03	-5.07E-03	-4.97E-03	-4.88E-03	-4.78E-03	-4.70E-03	-4.61E-03	-4.53E-03	-4.44E-03	-4.35E-03	-4.26E-03	-4.18E-03	-4.09E-03	-4.01E-03	-3.93E-03
-5.87E-03	-5.81E-03	-5.73E-03	-5.66E-03	-5.58E-03	-5.50E-03	-5.42E-03	-5.33E-03	-5.26E-03	-5.18E-03	-5.10E-03	-5.02E-03	-4.94E-03	-4.86E-03	-4.77E-03	-4.69E-03	-4.61E-03	-4.54E-03	-4.46E-03	-4.38E-03	-4.29E-03	-4.21E-03	-4.13E-03	-4.06E-03	-3.98E-03	-3.91E-03	-3.83E-03	-3.76E-03	-3.68E-03	-3.61E-03	-3.53E-03	-3.46E-03	-3.39E-03
-5.07E-03	-5.01E-03	-4.95E-03	-4.89E-03	-4.82E-03	-4.75E-03	-4.68E-03	-4.60E-03	-4.54E-03	-4.47E-03	-4.41E-03	-4.34E-03	-4.27E-03	-4.19E-03	-4.12E-03	-4.05E-03	-3.98E-03	-3.92E-03	-3.85E-03	-3.78E-03	-3.71E-03	-3.64E-03	-3.56E-03	-3.50E-03	-3.44E-03	-3.37E-03	-3.31E-03	-3.24E-03	-3.18E-03	-3.11E-03	-3.05E-03	-2.99E-03	-2.93E-03
-4.38E-03	-4.33E-03	-4.27E-03	-4.22E-03	-4.16E-03	-4.10E-03	-4.04E-03	-3.97E-03	-3.92E-03	-3.86E-03	-3.80E-03	-3.74E-03	-3.68E-03	-3.62E-03	-3.55E-03	-3.49E-03	-3.44E-03	-3.38E-03	-3.32E-03	-3.26E-03	-3.20E-03	-3.14E-03	-3.08E-03	-3.02E-03	-2.96E-03	-2.91E-03	-2.85E-03	-2.80E-03	-2.74E-03	-2.68E-03	-2.63E-03	-2.58E-03	-2.52E-03
-3.78E-03	-3.73E-03	-3.69E-03	-3.64E-03	-3.59E-03	-3.54E-03	-3.48E-03	-3.43E-03	-3.38E-03	-3.33E-03	-3.28E-03	-3.23E-03	-3.18E-03	-3.12E-03	-3.07E-03	-3.01E-03	-2.96E-03	-2.91E-03	-2.86E-03	-2.81E-03	-2.76E-03	-2.71E-03	-2.65E-03	-2.60E-03	-2.56E-03	-2.51E-03	-2.46E-03	-2.41E-03	-2.36E-03	-2.31E-03	-2.26E-03	-2.22E-03	-2.18E-03
-3.26E-03	-3.22E-03	-3.18E-03	-3.14E-03	-3.09E-03	-3.05E-03	-3.00E-03	-2.95E-03	-2.91E-03	-2.87E-03	-2.83E-03	-2.78E-03	-2.74E-03	-2.69E-03	-2.64E-03	-2.60E-03	-2.55E-03	-2.51E-03	-2.47E-03	-2.42E-03	-2.38E-03	-2.33E-03	-2.29E-03	-2.24E-03	-2.20E-03	-2.16E-03	-2.12E-03	-2.08E-03	-2.04E-03	-1.99E-03	-1.95E-03	-1.91E-03	-1.88E-03
-2.81E-03	-2.78E-03	-2.74E-03	-2.71E-03	-2.67E-03	-2.63E-03	-2.59E-03	-2.55E-03	-2.51E-03	-2.48E-03	-2.44E-03	-2.40E-03	-2.36E-03	-2.32E-03	-2.28E-03	-2.24E-03	-2.20E-03	-2.16E-03	-2.13E-03	-2.09E-03	-2.05E-03	-2.01E-03	-1.97E-03	-1.93E-03	-1.90E-03	-1.86E-03	-1.83E-03	-1.79E-03	-1.75E-03	-1.72E-03	-1.68E-03	-1.65E-03	-1.62E-03
-2.43E-03	-2.40E-03	-2.37E-03	-2.34E-03	-2.30E-03	-2.27E-03	-2.23E-03	-2.20E-03	-2.17E-03	-2.13E-03	-2.10E-03	-2.07E-03	-2.03E-03	-2.00E-03	-1.96E-03	-1.93E-03	-1.90E-03	-1.87E-03	-1.83E-03	-1.80E-03	-1.77E-03	-1.73E-03	-1.70E-03	-1.66E-03	-1.63E-03	-1.60E-03	-1.57E-03	-1.54E-03	-1.51E-03	-1.48E-03	-1.45E-03	-1.42E-03	-1.40E-03
-2.10E-03	-2.07E-03	-2.04E-03	-2.02E-03	-1.99E-03	-1.96E-03	-1.93E-03	-1.90E-03	-1.87E-03	-1.84E-03	-1.81E-03	-1.78E-03	-1.75E-03	-1.72E-03	-1.69E-03	-1.66E-03	-1.64E-03	-1.61E-03	-1.58E-03	-1.55E-03	-1.52E-03	-1.49E-03	-1.46E-03	-1.44E-03	-1.41E-03	-1.38E-03	-1.36E-03	-1.33E-03	-1.30E-03	-1.28E-03	-1.25E-03	-1.23E-03	-1.20E-03
-1.82E-03	-1.79E-03	-1.77E-03	-1.74E-03	-1.72E-03	-1.69E-03	-1.66E-03	-1.64E-03	-1.61E-03	-1.59E-03	-1.56E-03	-1.54E-03	-1.51E-03	-1.49E-03	-1.46E-03	-1.43E-03	-1.41E-03	-1.39E-03	-1.36E-03	-1.34E-03	-1.31E-03	-1.29E-03	-1.26E-03	-1.24E-03	-1.22E-03	-1.19E-03	-1.17E-03	-1.15E-03	-1.13E-03	-1.10E-03	-1.08E-03	-1.06E-03	-1.04E-03
-1.57E-03	-1.55E-03	-1.53E-03	-1.51E-03	-1.48E-03	-1.46E-03	-1.44E-03	-1.41E-03	-1.39E-03	-1.37E-03	-1.35E-03	-1.33E-03	-1.31E-03	-1.29E-03	-1.26E-03	-1.24E-03	-1.22E-03	-1.20E-03	-1.18E-03	-1.16E-03	-1.14E-03	-1.11E-03	-1.09E-03	-1.07E-03	-1.05E-03	-1.03E-03	-1.01E-03	-9.95E-04	-9.76E-04	-9.57E-04	-9.38E-04	-9.21E-04	-9.05E-04
-1.37E-03	-1.35E-03	-1.33E-03	-1.31E-03	-1.29E-03	-1.27E-03	-1.25E-03	-1.22E-03	-1.21E-03	-1.19E-03	-1.17E-03	-1.15E-03	-1.13E-03	-1.11E-03	-1.09E-03	-1.07E-03	-1.05E-03	-1.04E-03	-1.02E-03	-1.00E-03	-9.83E-04	-9.65E-04	-9.46E-04	-9.28E-04	-9.12E-04	-8.96E-04	-8.80E-04	-8.64E-04	-8.48E-04	-8.32E-04	-8.16E-04	-8.02E-04	-7.88E-04
-1.19E-03	-1.17E-03	-1.15E-03	-1.14E-03	-1.12E-03	-1.10E-03	-1.08E-03	-1.06E-03	-1.05E-03	-1.03E-03	-1.01E-03	-9.98E-04	-9.82E-04	-9.65E-04	-9.48E-04	-9.31E-04	-9.16E-04	-9.01E-04	-8.85E-04	-8.70E-04	-8.54E-04	-8.39E-04	-8.23E-04	-8.07E-04	-7.94E-04	-7.81E-04	-7.67E-04	-7.54E-04	-7.40E-04	-7.27E-04	-7.14E-04	-7.01E-04	-6.90E-04
-1.04E-03	-1.02E-03	-1.01E-03	-9.90E-04	-9.74E-04	-9.58E-04	-9.42E-04	-9.26E-04	-9.11E-04	-8.97E-04	-8.84E-04	-8.70E-04	-8.55E-04	-8.41E-04	-8.26E-04	-8.12E-04	-7.98E-04	-7.85E-04	-7.72E-04	-7.59E-04	-7.46E-04	-7.33E-04	-7.19E-04	-7.06E-04	-6.95E-04	-6.84E-04	-6.72E-04	-6.61E-04	-6.50E-04	-6.39E-04	-6.28E-04	-6.18E-04	-6.09E-04
-9.13E-04	-8.98E-04	-8.83E-04	-8.68E-04	-8.54E-04	-8.39E-04	-8.25E-04	-8.11E-04	-7.98E-04	-7.86E-04	-7.74E-04	-7.61E-04	-7.49E-04	-7.37E-04	-7.24E-04	-7.11E-04	-7.00E-04	-6.89E-04	-6.78E-04	-6.67E-04	-6.55E-04	-6.44E-04	-6.33E-04	-6.22E-04	-6.12E-04	-6.03E-04	-5.94E-04	-5.84E-04	-5.75E-04	-5.66E-04	-5.57E-04	-5.49E-04	-5.42E-04
-8.07E-04	-7.93E-04	-7.79E-04	-7.66E-04	-7.53E-04	-7.40E-04	-7.27E-04	-7.15E-04	-7.03E-04	-6.92E-04	-6.82E-04	-6.71E-04	-6.60E-04	-6.50E-04	-6.39E-04	-6.28E-04	-6.18E-04	-6.09E-04	-5.99E-04	-5.90E-04	-5.80E-04	-5.71E-04	-5.61E-04	-5.52E-04	-5.44E-04	-5.36E-04	-5.29E-04	-5.21E-04	-5.14E-04	-5.07E-04	-4.99E-04	-4.93E-04	-4.87E-04
-7.19E-04	-7.05E-04	-6.93E-04	-6.81E-04	-6.69E-04	-6.57E-04	-6.46E-04	-6.35E-04	-6.24E-04	-6.15E-04	-6.06E-04	-5.96E-04	-5.87E-04	-5.78E-04	-5.69E-04	-5.59E-04	-5.51E-04	-5.43E-04	-5.35E-04	-5.27E-04	-5.19E-04	-5.11E-04	-5.03E-04	-4.95E-04	-4.89E-04	-4.82E-04	-4.76E-04	-4.70E-04	-4.64E-04	-4.59E-04	-4.53E-04	-4.48E-04	-4.43E-04
-6.46E-04	-6.34E-04	-6.22E-04	-6.11E-04	-6.00E-04	-5.89E-04	-5.79E-04	-5.69E-04	-5.59E-04	-5.51E-04	-5.43E-04	-5.35E-04	-5.27E-04	-5.19E-04	-5.11E-04	-5.03E-04	-4.96E-04	-4.89E-04	-4.83E-04	-4.76E-04	-4.69E-04	-4.63E-04	-4.56E-04	-4.50E-04	-4.44E-04	-4.39E-04	-4.35E-04	-4.30E-04	-4.25E-04	-4.21E-04	-4.16E-04	-4.12E-04	-4.09E-04
-5.87E-04	-5.75E-04	-5.64E-04	-5.54E-04	-5.44E-04	-5.34E-04	-5.25E-04	-5.16E-04	-5.07E-04	-5.00E-04	-4.93E-04	-4.86E-04	-4.79E-04	-4.72E-04	-4.65E-04	-4.59E-04	-4.52E-04	-4.47E-04	-4.41E-04	-4.36E-04	-4.30E-04	-4.25E-04	-4.19E-04	-4.14E-04	-4.10E-04	-4.06E-04	-4.02E-04	-3.98E-04	-3.95E-04	-3.92E-04	-3.88E-04	-3.85E-04	-3.84E-04
-5.39E-04	-5.28E-04	-5.18E-04	-5.08E-04	-4.99E-04	-4.90E-04	-4.82E-04	-4.74E-04	-4.66E-04	-4.60E-04	-4.53E-04	-4.47E-04	-4.41E-04	-4.35E-04	-4.30E-04	-4.24E-04	-4.18E-04	-4.14E-04	-4.09E-04	-4.05E-04	-4.00E-04	-3.96E-04	-3.91E-04	-3.87E-04	-3.84E-04	-3.81E-04	-3.78E-04	-3.75E-04	-3.73E-04	-3.70E-04	-3.68E-04	-3.66E-04	-3.65E-04
-5.02E-04	-4.91E-04	-4.82E-04	-4.73E-04	-4.64E-04	-4.56E-04	-4.48E-04	-4.41E-04	-4.34E-04	-4.28E-04	-4.23E-04	-4.18E-04	-4.12E-04	-4.07E-04	-4.02E-04	-3.97E-04	-3.93E-04	-3.89E-04	-3.85E-04	-3.81E-04	-3.78E-04	-3.74E-04	-3.71E-04	-3.68E-04	-3.65E-04	-3.63E-04	-3.61E-04	-3.59E-04	-3.57E-04	-3.56E-04	-3.54E-04	-3.53E-04	-3.53E-04
-4.73E-04	-4.63E-04	-4.54E-04	-4.46E-04	-4.38E-04	-4.30E-04	-4.23E-04	-4.17E-04	-4.10E-04	-4.05E-04	-4.00E-04	-3.96E-04	-3.91E-04	-3.87E-04	-3.83E-04	-3.78E-04	-3.75E-04	-3.71E-04	-3.68E-04	-3.65E-04	-3.62E-04	-3.60E-04	-3.57E-04	-3.55E-04	-3.53E-04	-3.51E-04	-3.50E-04	-3.49E-04	-3.48E-04	-3.47E-04	-3.46E-04	-3.46E-04	-3.46E-04
-4.52E-04	-4.43E-04	-4.34E-04	-4.26E-04	-4.19E-04	-4.12E-04	-4.05E-04	-3.99E-04	-3.94E-04	-3.89E-04	-3.85E-04	-3.81E-04	-3.77E-04	-3.73E-04	-3.69E-04	-3.66E-04	-3.63E-04	-3.60E-04	-3.58E-04	-3.55E-04	-3.53E-04	-3.51E-04	-3.49E-04	-3.47E-04	-3.46E-04	-3.45E-04	-3.44E-04	-3.44E-04	-3.44E-04	-3.43E-04	-3.43E-04	-3.44E-04	-3.45E-04
-4.38E-04	-4.29E-04	-4.21E-04	-4.13E-04	-4.06E-04	-4.00E-04	-3.94E-04	-3.88E-04	-3.83E-04	-3.79E-04	-3.75E-04	-3.72E-04	-3.68E-04	-3.65E-04	-3.62E-04	-3.59E-04	-3.56E-04	-3.54E-04	-3.53E-04	-3.51E-04	-3.49E-04	-3.48E-04	-3.46E-04	-3.45E-04	-3.44E-04	-3.44E-04	-3.44E-04	-3.44E-04	-3.44E-04	-3.44E-04	-3.45E-04	-3.46E-04	-3.47E-04
-4.30E-04	-4.21E-04	-4.13E-04	-4.06E-04	-3.99E-04	-3.93E-04	-3.88E-04	-3.83E-04	-3.78E-04	-3.74E-04	-3.71E-04	-3.68E-04	-3.65E-04	-3.62E-04	-3.60E-04	-3.57E-04	-3.55E-04	-3.53E-04	-3.52E-04	-3.51E-04	-3.50E-04	-3.49E-04	-3.48E-04	-3.47E-04	-3.46E-04	-3.47E-04	-3.47E-04	-3.47E-04	-3.48E-04	-3.49E-04	-3.50E-04	-3.51E-04	-3.53E-04
-4.26E-04	-4.18E-04	-4.10E-04	-4.04E-04	-3.97E-04	-3.92E-04	-3.87E-04	-3.82E-04	-3.78E-04	-3.74E-04	-3.71E-04	-3.69E-04	-3.66E-04	-3.64E-04	-3.62E-04	-3.60E-04	-3.58E-04	-3.57E-04	-3.56E-04	-3.55E-04	-3.54E-04	-3.53E-04	-3.53E-04	-3.53E-04	-3.53E-04	-3.53E-04	-3.54E-04	-3.55E-04	-3.56E-04	-3.57E-04	-3.58E-04	-3.60E-04	-3.62E-04
-4.27E-04	-4.19E-04	-4.12E-04	-4.05E-04	-4.00E-04	-3.94E-04	-3.90E-04	-3.85E-04	-3.81E-04	-3.78E-04	-3.76E-04	-3.73E-04	-3.71E-04	-3.69E-04	-3.67E-04	-3.66E-04	-3.64E-04	-3.63E-04	-3.63E-04	-3.62E-04	-3.62E-04	-3.61E-04	-3.61E-04	-3.62E-04	-3.62E-04	-3.63E-04	-3.64E-04	-3.65E-04	-3.66E-04	-3.68E-04	-3.70E-04	-3.72E-04	-3.74E-04
-4.32E-04	-4.24E-04	-4.17E-04	-4.11E-04	-4.05E-04	-4.00E-04	-3.96E-04	-3.92E-04	-3.89E-04	-3.86E-04	-3.83E-04	-3.81E-04	-3.79E-04	-3.77E-04	-3.76E-04	-3.75E-04	-3.74E-04	-3.73E-04	-3.73E-04	-3.72E-04	-3.72E-04	-3.72E-04	-3.73E-04	-3.73E-04	-3.74E-04	-3.75E-04	-3.76E-04	-3.78E-04	-3.79E-04	-3.81E-04	-3.83E-04	-3.86E-04	-3.88E-04
-4.40E-04	-4.32E-04	-4.26E-04	-4.20E-04	-4.14E-04	-4.10E-04	-4.06E-04	-4.02E-04	-3.99E-04	-3.96E-04	-3.94E-04	-3.92E-04	-3.90E-04	-3.89E-04	-3.88E-04	-3.87E-04	-3.86E-04	-3.86E-04	-3.85E-04	-3.85E-04	-3.86E-04	-3.86E-04	-3.87E-04	-3.87E-04	-3.88E-04	-3.89E-04	-3.91E-04	-3.93E-04	-3.95E-04	-3.97E-04	-3.99E-04	-4.02E-04	-4.05E-04
-4.50E-04	-4.43E-04	-4.37E-04	-4.31E-04	-4.26E-04	-4.22E-04	-4.18E-04	-4.14E-04	-4.11E-04	-4.09E-04	-4.07E-04	-4.05E-04	-4.04E-04	-4.03E-04	-4.02E-04	-4.01E-04	-4.00E-04	-4.00E-04	-4.00E-04	-4.01E-04	-4.01E-04	-4.02E-04	-4.02E-04	-4.03E-04	-4.04E-04	-4.06E-04	-4.08E-04	-4.10E-04	-4.12E-04	-4.14E-04	-4.17E-04	-4.19E-04	-4.22E-04
-4.63E-04	-4.56E-04	-4.50E-04	-4.45E-04	-4.40E-04	-4.36E-04	-4.32E-04	-4.29E-04	-4.26E-04	-4.24E-04	-4.22E-04	-4.20E-04	-4.19E-04	-4.18E-04	-4.18E-04	-4.17E-04	-4.17E-04	-4.17E-04	-4.17E-04	-4.18E-04	-4.18E-04	-4.19E-04	-4.20E-04	-4.21E-04	-4.22E-04	-4.24E-04	-4.26E-04	-4.28E-04	-4.30E-04	-4.33E-04	-4.36E-04	-4.39E-04	-4.42E-04
-4.78E-04	-4.71E-04	-4.66E-04	-4.60E-04	-4.56E-04	-4.52E-04	-4.48E-04	-4.45E-04	-4.43E-04	-4.41E-04	-4.39E-04	-4.38E-04	-4.37E-04	-4.36E-04	-4.35E-04	-4.35E-04	-4.35E-04	-4.35E-04	-4.36E-04	-4.36E-04	-4.37E-04	-4.38E-04	-4.39E-04	-4.40E-04	-4.42E-04	-4.44E-04	-4.46E-04	-4.48E-04	-4.50E-04	-4.53E-04	-4.56E-04	-4.59E-04	-4.62E-04
-4.95E-04	-4.88E-04	-4.83E-04	-4.78E-04	-4.73E-04	-4.69E-04	-4.66E-04	-4.63E-04	-4.61E-04	-4.59E-04	-4.58E-04	-4.56E-04	-4.55E-04	-4.55E-04	-4.55E-04	-4.54E-04	-4.54E-04	-4.55E-04	-4.55E-04	-4.56E-04	-4.57E-04	-4.58E-04	-4.59E-04	-4.61E-04	-4.63E-04	-4.64E-04	-4.67E-04	-4.69E-04	-4.72E-04	-4.74E-04	-4.77E-04	-4.80E-04	-4.84E-04
-5.13E-04	-5.07E-04	-5.01E-04	-4.96E-04	-4.92E-04	-4.88E-04	-4.85E-04	-4.83E-04	-4.80E-04	-4.79E-04	-4.77E-04	-4.76E-04	-4.76E-04	-4.75E-04	-4.75E-04	-4.75E-04	-4.75E-04	-4.76E-04	-4.76E-04	-4.77E-04	-4.78E-04	-4.79E-04	-4.81E-04	-4.82E-04	-4.84E-04	-4.86E-04	-4.89E-04	-4.91E-04	-4.94E-04	-4.96E-04	-4.99E-04	-5.03E-04	-5.06E-04
-5.32E-04	-5.26E-04	-5.21E-04	-5.16E-04	-5.12E-04	-5.09E-04	-5.06E-04	-5.03E-04	-5.01E-04	-4.99E-04	-4.98E-04	-4.97E-04	-4.97E-04	-4.96E-04	-4.96E-04	-4.97E-04	-4.97E-04	-4.97E-04	-4.98E-04	-4.99E-04	-5.00E-04	-5.02E-04	-5.03E-04	-5.05E-04	-5.07E-04	-5.09E-04	-5.11E-04	-5.14E-04	-5.16E-04	-5.19E-04	-5.22E-04	-5.26E-04	-5.29E-04
-5.52E-04	-5.47E-04	-5.42E-04	-5.37E-04	-5.33E-04	-5.30E-04	-5.27E-04	-5.25E-04	-5.23E-04	-5.21E-04	-5.20E-04	-5.19E-04	-5.19E-04	-5.19E-04	-5.19E-04	-5.19E-04	-5.19E-04	-5.20E-04	-5.21E-04	-5.22E-04	-5.23E-04	-5.25E-04	-5.26E-04	-5.28E-04	-5.30E-04	-5.32E-04	-5.34E-04	-5.37E-04	-5.40E-04	-5.43E-04	-5.46E-04	-5.49E-04	-5.53E-04
-5.73E-04	-5.68E-04	-5.63E-04	-5.59E-04	-5.55E-04	-5.52E-04	-5.49E-04	-5.47E-04	-5.45E-04	-5.44E-04	-5.43E-04	-5.42E-04	-5.41E-04	-5.41E-04	-5.41E-04	-5.42E-04	-5.42E-04	-5.43E-04	-5.44E-04	-5.45E-04	-5.47E-04	-5.48E-04	-5.50E-04	-5.52E-04	-5.54E-04	-5.56E-04	-5.58E-04	-5.61E-04	-5.64E-04	-5.67E-04	-5.70E-04	-5.73E-04	-5.77E-04
-5.95E-04	-5.90E-04	-5.85E-04	-5.81E-04	-5.77E-04	-5.74E-04	-5.72E-04	-5.70E-04	-5.68E-04	-5.67E-04	-5.66E-04	-5.65E-04	-5.65E-04	-5.65E-04	-5.65E-04	-5.65E-04	-5.66E-04	-5.67E-04	-5.68E-04	-5.69E-04	-5.70E-04	-5.72E-04	-5.74E-04	-5.76E-04	-5.78E-04	-5.80E-04	-5.82E-04	-5.85E-04	-5.88E-04	-5.91E-04	-5.94E-04	-5.97E-04	-6.01E-04
-6.17E-04	-6.12E-04	-6.08E-04	-6.04E-04	-6.00E-04	-5.97E-04	-5.95E-04	-5.93E-04	-5.91E-04	-5.90E-04	-5.89E-04	-5.89E-04	-5.89E-04	-5.89E-04	-5.89E-04	-5.89E-04	-5.90E-04	-5.91E-04	-5.92E-04	-5.93E-04	-5.95E-04	-5.96E-04	-5.98E-04	-6.00E-04	-6.02E-04	-6.04E-04	-6.07E-04	-6.09E-04	-6.12E-04	-6.15E-04	-6.18E-04	-6.22E-04	-6.25E-04
-6.40E-04	-6.35E-04	-6.31E-04	-6.27E-04	-6.24E-04	-6.21E-04	-6.18E-04	-6.17E-04	-6.15E-04	-6.14E-04	-6.13E-04	-6.13E-04	-6.13E-04	-6.13E-04	-6.13E-04	-6.14E-04	-6.14E-04	-6.15E-04	-6.16E-04	-6.18E-04	-6.19E-04	-6.21E-04	-6.23E-04	-6.25E-04	-6.27E-04	-6.29E-04	-6.31E-04	-6.34E-04	-6.37E-04	-6.40E-04	-6.43E-04	-6.47E-04	-6.50E-04
-6.63E-04	-6.58E-04	-6.54E-04	-6.50E-04	-6.47E-04	-6.44E-04	-6.42E-04	-6.40E-04	-6.39E-04	-6.38E-04	-6.37E-04	-6.37E-04	-6.37E-04	-6.37E-04	-6.37E-04	-6.38E-04	-6.39E-04	-6.40E-04	-6.41E-04	-6.42E-04	-6.44E-04	-6.45E-04	-6.47E-04	-6.49E-04	-6.51E-04	-6.54E-04	-6.56E-04	-6.59E-04	-6.62E-04	-6.65E-04	-6.68E-04	-6.71E-04	-6.75E-04
-6.86E-04	-6.82E-04	-6.78E-04	-6.74E-04	-6.71E-04	-6.68E-04	-6.66E-04	-6.64E-04	-6.63E-04	-6.62E-04	-6.62E-04	-6.61E-04	-6.61E-04	-6.61E-04	-6.62E-04	-6.62E-04	-6.63E-04	-6.64E-04	-6.66E-04	-6.67E-04	-6.69E-04	-6.70E-04	-6.72E-04	-6.74E-04	-6.76E-04	-6.79E-04	-6.81E-04	-6.84E-04	-6.87E-04	-6.90E-04	-6.93E-04	-6.96E-04	-6.99E-04
-7.09E-04	-7.05E-04	-7.01E-04	-6.98E-04	-6.95E-04	-6.92E-04	-6.90E-04	-6.89E-04	-6.87E-04	-6.86E-04	-6.86E-04	-6.86E-04	-6.86E-04	-6.86E-04	-6.86E-04	-6.87E-04	-6.88E-04	-6.89E-04	-6.90E-04	-6.92E-04	-6.93E-04	-6.95E-04	-6.97E-04	-6.99E-04	-7.01E-04	-7.03E-04	-7.06E-04	-7.09E-04	-7.11E-04	-7.14E-04	-7.17E-04	-7.21E-04	-7.24E-04
-7.33E-04	-7.29E-04	-7.25E-04	-7.22E-04	-7.19E-04	-7.16E-04	-7.14E-04	-7.13E-04	-7.12E-04	-7.11E-04	-7.10E-04	-7.10E-04	-7.10E-04	-7.10E-04	-7.11E-04	-7.12E-04	-7.13E-04	-7.14E-04	-7.15E-04	-7.16E-04	-7.18E-04	-7.20E-04	-7.22E-04	-7.24E-04	-7.26E-04	-7.28E-04	-7.31E-04	-7.33E-04	-7.36E-04	-7.39E-04	-7.42E-04	-7.45E-04	-7.49E-04
-7.56E-04	-7.52E-04	-7.49E-04	-7.45E-04	-7.43E-04	-7.40E-04	-7.38E-04	-7.37E-04	-7.36E-04	-7.35E-04	-7.35E-04	-7.35E-04	-7.35E-04	-7.35E-04	-7.36E-04	-7.36E-04	-7.37E-04	-7.38E-04	-7.40E-04	-7.41E-04	-7.43E-04	-7.44E-04	-7.46E-04	-7.48E-04	-7.51E-04	-7.53E-04	-7.55E-04	-7.58E-04	-7.61E-04	-7.64E-04	-7.67E-04	-7.70E-04	-7.73E-04
-7.79E-04	-7.76E-04	-7.72E-04	-7.69E-04	-7.67E-04	-7.64E-04	-7.63E-04	-7.61E-04	-7.60E-04	-7.59E-04	-7.59E-04	-7.59E-04	-7.59E-04	-7.59E-04	-7.60E-04	-7.61E-04	-7.62E-04	-7.63E-04	-7.64E-04	-7.66E-04	-7.67E-04	-7.69E-04	-7.71E-04	-7.73E-04	-7.75E-04	-7.77E-04	-7.80E-04	-7.83E-04	-7.85E-04	-7.88E-04	-7.91E-04	-7.94E-04	-7.98E-04
-8.03E-04	-7.99E-04	-7.96E-04	-7.93E-04	-7.90E-04	-7.88E-04	-7.86E-04	-7.85E-04	-7.84E-04	-7.84E-04	-7.83E-04	-7.83E-04	-7.83E-04	-7.84E-04	-7.84E-04	-7.85E-04	-7.86E-04	-7.87E-04	-7.89E-04	-7.90E-04	-7.92E-04	-7.94E-04	-7.95E-04	-7.97E-04	-8.00E-04	-8.02E-04	-8.04E-04	-8.07E-04	-8.10E-04	-8.12E-04	-8.16E-04	-8.19E-04	-8.22E-04
-8.26E-04	-8.22E-04	-8.19E-04	-8.16E-04	-8.14E-04	-8.12E-04	-8.10E-04	-8.09E-04	-8.08E-04	-8.08E-04	-8.07E-04	-8.07E-04	-8.07E-04	-8.08E-04	-8.09E-04	-8.09E-04	-8.10E-04	-8.12E-04	-8.13E-04	-8.14E-04	-8.16E-04	-8.18E-04	-8.20E-04	-8.22E-04	-8.24E-04	-8.26E-04	-8.29E-04	-8.31E-04	-8.34E-04	-8.37E-04	-8.40E-04	-8.43E-04	-8.46E-04
-8.49E-04	-8.46E-04	-8.43E-04	-8.40E-04	-8.37E-04	-8.36E-04	-8.34E-04	-8.33E-04	-8.32E-04	-8.31E-04	-8.31E-04	-8.31E-04	-8.31E-04	-8.32E-04	-8.33E-04	-8.33E-04	-8.35E-04	-8.36E-04	-8.37E-04	-8.39E-04	-8.40E-04	-8.42E-04	-8.44E-04	-8.46E-04	-8.48E-04	-8.50E-04	-8.53E-04	-8.55E-04	-8.58E-04	-8.61E-04	-8.63E-04	-8.66E-04	-8.70E-04
-8.72E-04	-8.68E-04	-8.66E-04	-8.63E-04	-8.61E-04	-8.59E-04	-8.57E-04	-8.56E-04	-8.55E-04	-8.55E-04	-8.55E-04	-8.55E-04	-8.55E-04	-8.56E-04	-8.56E-04	-8.57E-04	-8.58E-04	-8.60E-04	-8.61E-04	-8.62E-04	-8.64E-04	-8.66E-04	-8.68E-04	-8.70E-04	-8.72E-04	-8.74E-04	-8.76E-04	-8.79E-04	-8.82E-04	-8.84E-04	-8.87E-04	-8.90E-04	-8.93E-04
-8.94E-04	-8.91E-04	-8.88E-04	-8.86E-04	-8.84E-04	-8.82E-04	-8.81E-04	-8.80E-04	-8.79E-04	-8.78E-04	-8.78E-04	-8.78E-04	-8.79E-04	-8.79E-04	-8.80E-04	-8.81E-04	-8.82E-04	-8.83E-04	-8.85E-04	-8.86E-04	-8.88E-04	-8.89E-04	-8.91E-04	-8.93E-04	-8.95E-04	-8.98E-04	-9.00E-04	-9.02E-04	-9.05E-04	-9.08E-04	-9.11E-04	-9.13E-04	-9.17E-04
-9.17E-04	-9.14E-04	-9.11E-04	-9.09E-04	-9.07E-04	-9.05E-04	-9.04E-04	-9.03E-04	-9.02E-04	-9.02E-04	-9.02E-04	-9.02E-04	-9.02E-04	-9.03E-04	-9.03E-04	-9.04E-04	-9.05E-04	-9.07E-04	-9.08E-04	-9.09E-04	-9.11E-04	-9.13E-04	-9.15E-04	-9.17E-04	-9.19E-04	-9.21E-04	-9.23E-04	-9.26E-04	-9.28E-04	-9.31E-04	-9.34E-04	-9.37E-04	-9.40E-04
-9.39E-04	-9.36E-04	-9.34E-04	-9.31E-04	-9.29E-04	-9.28E-04	-9.26E-04	-9.26E-04	-9.25E-04	-9.25E-04	-9.24E-04	-9.25E-04	-9.25E-04	-9.26E-04	-9.26E-04	-9.27E-04	-9.28E-04	-9.30E-04	-9.31E-04	-9.33E-04	-9.34E-04	-9.36E-04	-9.38E-04	-9.40E-04	-9.42E-04	-9.44E-04	-9.46E-04	-9.49E-04	-9.51E-04	-9.54E-04	-9.57E-04	-9.59E-04	-9.62E-04
-9.61E-04	-9.58E-04	-9.56E-04	-9.54E-04	-9.52E-04	-9.50E-04	-9.49E-04	-9.48E-04	-9.48E-04	-9.47E-04	-9.47E-04	-9.47E-04	-9.48E-04	-9.48E-04	-9.49E-04	-9.50E-04	-9.51E-04	-9.53E-04	-9.54E-04	-9.55E-04	-9.57E-04	-9.59E-04	-9.61E-04	-9.63E-04	-9.65E-04	-9.67E-04	-9.69E-04	-9.71E-04	-9.74E-04	-9.77E-04	-9.79E-04	-9.82E-04	-9.85E-04
-9.83E-04	-9.80E-04	-9.78E-04	-9.76E-04	-9.74E-04	-9.72E-04	-9.71E-04	-9.70E-04	-9.70E-04	-9.70E-04	-9.70E-04	-9.70E-04	-9.70E-04	-9.71E-04	-9.72E-04	-9.73E-04	-9.74E-04	-9.75E-04	-9.77E-04	-9.78E-04	-9.80E-04	-9.81E-04	-9.83E-04	-9.85E-04	-9.87E-04	-9.89E-04	-9.92E-04	-9.94E-04	-9.96E-04	-9.99E-04	-1.00E-03	-1.00E-03	-1.01E-03
-1.00E-03	-1.00E-03	-9.99E-04	-9.97E-04	-9.96E-04	-9.94E-04	-9.93E-04	-9.92E-04	-9.92E-04	-9.92E-04	-9.92E-04	-9.92E-04	-9.93E-04	-9.93E-04	-9.94E-04	-9.95E-04	-9.96E-04	-9.97E-04	-9.99E-04	-1.00E-03	-1.00E-03	-1.00E-03	-1.01E-03	-1.01E-03	-1.01E-03	-1.01E-03	-1.01E-03	-1.02E-03	-1.02E-03	-1.02E-03	-1.02E-03	-1.03E-03	-1.03E-03
-1.03E-03	-1.02E-03	-1.02E-03	-1.02E-03	-1.02E-03	-1.02E-03	-1.02E-03	-1.01E-03	-1.01E-03	-1.01E-03	-1.01E-03	-1.01E-03	-1.01E-03	-1.02E-03	-1.02E-03	-1.02E-03	-1.02E-03	-1.02E-03	-1.02E-03	-1.02E-03	-1.02E-03	-1.03E-03	-1.03E-03	-1.03E-03	-1.03E-03	-1.03E-03	-1.04E-03	-1.04E-03	-1.04E-03	-1.04E-03	-1.05E-03	-1.05E-03	-1.05E-03
-1.05E-03	-1.04E-03	-1.04E-03	-1.04E-03	-1.04E-03	-1.04E-03	-1.04E-03	-1.04E-03	-1.04E-03	-1.04E-03	-1.04E-03	-1.04E-03	-1.04E-03	-1.04E-03	-1.04E-03	-1.04E-03	-1.04E-03	-1.04E-03	-1.04E-03	-1.04E-03	-1.05E-03	-1.05E-03	-1.05E-03	-1.05E-03	-1.05E-03	-1.06E-03	-1.06E-03	-1.06E-03	-1.06E-03	-1.06E-03	-1.07E-03	-1.07E-03	-1.07E-03
-1.07E-03	-1.06E-03	-1.06E-03	-1.06E-03	-1.06E-03	-1.06E-03	-1.06E-03	-1.06E-03	-1.06E-03	-1.06E-03	-1.06E-03	-1.06E-03	-1.06E-03	-1.06E-03	-1.06E-03	-1.06E-03	-1.06E-03	-1.06E-03	-1.06E-03	-1.07E-03	-1.07E-03	-1.07E-03	-1.07E-03	-1.07E-03	-1.07E-03	-1.08E-03	-1.08E-03	-1.08E-03	-1.08E-03	-1.09E-03	-1.09E-03	-1.09E-03	-1.09E-03
-1.09E-03	-1.09E-03	-1.08E-03	-1.08E-03	-1.08E-03	-1.08E-03	-1.08E-03	-1.08E-03	-1.08E-03	-1.08E-03	-1.08E-03	-1.08E-03	-1.08E-03	-1.08E-03	-1.08E-03	-1.08E-03	-1.08E-03	-1.08E-03	-1.09E-03	-1.09E-03	-1.09E-03	-1.09E-03	-1.09E-03	-1.09E-03	-1.10E-03	-1.10E-03	-1.10E-03	-1.10E-03	-1.10E-03	-1.11E-03	-1.11E-03	-1.11E-03	-1.11E-03
-1.11E-03	-1.11E-03	-1.10E-03	-1.10E-03	-1.10E-03	-1.10E-03	-1.10E-03	-1.10E-03	-1.10E-03	-1.10E-03	-1.10E-03	-1.10E-03	-1.10E-03	-1.10E-03	-1.10E-03	-1.10E-03	-1.10E-03	-1.10E-03	-1.11E-03	-1.11E-03	-1.11E-03	-1.11E-03	-1.11E-03	-1.11E-03	-1.12E-03	-1.12E-03	-1.12E-03	-1.12E-03	-1.13E-03	-1.13E-03	-1.13E-03	-1.13E-03	-1.14E-03
-1.13E-03	-1.13E-03	-1.12E-03	-1.12E-03	-1.12E-03	-1.12E-03	-1.12E-03	-1.12E-03	-1.12E-03	-1.12E-03	-1.12E-03	-1.12E-03	-1.12E-03	-1.12E-03	-1.12E-03	-1.12E-03	-1.12E-03	-1.13E-03	-1.13E-03	-1.13E-03	-1.13E-03	-1.13E-03	-1.13E-03	-1.14E-03	-1.14E-03	-1.14E-03	-1.14E-03	-1.14E-03	-1.15E-03	-1.15E-03	-1.15E-03	-1.15E-03	-1.16E-03
-1.15E-03	-1.15E-03	-1.14E-03	-1.14E-03	-1.14E-03	-1.14E-03	-1.14E-03	-1.14E-03	-1.14E-03	-1.14E-03	-1.14E-03	-1.14E-03	-1.14E-03	-1.14E-03	-1.14E-03	-1.14E-03	-1.14E-03	-1.15E-03	-1.15E-03	-1.15E-03	-1.15E-03	-1.15E-03	-1.15E-03	-1.16E-03	-1.16E-03	-1.16E-03	-1.16E-03	-1.16E-03	-1.17E-03	-1.17E-03	-1.17E-03	-1.17E-03	-1.18E-03
-1.17E-03	-1.16E-03	-1.16E-03	-1.16E-03	-1.16E-03	-1.16E-03	-1.16E-03	-1.16E-03	-1.16E-03	-1.16E-03	-1.16E-03	-1.16E-03	-1.16E-03	-1.16E-03	-1.16E-03	-1.16E-03	-1.16E-03	-1.17E-03	-1.17E-03	-1.17E-03	-1.17E-03	-1.17E-03	-1.17E-03	-1.18E-03	-1.18E-03	-1.18E-03	-1.18E-03	-1.18E-03	-1.19E-03	-1.19E-03	-1.19E-03	-1.19E-03	-1.20E-03
-1.19E-03	-1.18E-03	-1.18E-03	-1.18E-03	-1.18E-03	-1.18E-03	-1.18E-03	-1.18E-03	-1.18E-03	-1.18E-03	-1.18E-03	-1.18E-03	-1.18E-03	-1.18E-03	-1.18E-03	-1.18E-03	-1.18E-03	-1.19E-03	-1.19E-03	-1.19E-03	-1.19E-03	-1.19E-03	-1.19E-03	-1.20E-03	-1.20E-03	-1.20E-03	-1.20E-03	-1.20E-03	-1.21E-03	-1.21E-03	-1.21E-03	-1.21E-03	-1.22E-03
-1.20E-03	-1.20E-03	-1.20E-03	-1.20E-03	-1.20E-03	-1.20E-03	-1.20E-03	-1.20E-03	-1.20E-03	-1.20E-03	-1.20E-03	-1.20E-03	-1.20E-03	-1.20E-03	-1.20E-03	-1.20E-03	-1.20E-03	-1.21E-03	-1.21E-03	-1.21E-03	-1.21E-03	-1.21E-03	-1.21E-03	-1.22E-03	-1.22E-03	-1.22E-03	-1.22E-03	-1.22E-03	-1.23E-03	-1.23E-03	-1.23E-03	-1.23E-03	-1.23E-03
-1.22E-03	-1.22E-03	-1.22E-03	-1.22E-03	-1.22E-03	-1.22E-03	-1.22E-03	-1.22E-03	-1.22E-03	-1.22E-03	-1.22E-03	-1.22E-03	-1.22E-03	-1.22E-03	-1.22E-03	-1.22E-03	-1.22E-03	-1.23E-03	-1.23E-03	-1.23E-03	-1.23E-03	-1.23E-03	-1.23E-03	-1.23E-03	-1.24E-03	-1.24E-03	-1.24E-03	-1.24E-03	-1.24E-03	-1.25E-03	-1.25E-03	-1.25E-03	-1.25E-03
-1.24E-03	-1.24E-03	-1.24E-03	-1.24E-03	-1.24E-03	-1.24E-03	-1.24E-03	-1.24E-03	-1.24E-03	-1.24E-03	-1.24E-03	-1.24E-03	-1.24E-03	-1.24E-03	-1.24E-03	-1.24E-03	-1.24E-03	-1.24E-03	-1.25E-03	-1.25E-03	-1.25E-03	-1.25E-03	-1.25E-03	-1.25E-03	-1.26E-03	-1.26E-03	-1.26E-03	-1.26E-03	-1.26E-03	-1.27E-03	-1.27E-03	-1.27E-03	-1.27E-03
-1.26E-03	-1.26E-03	-1.26E-03	-1.26E-03	-1.26E-03	-1.26E-03	-1.26E-03	-1.26E-03	-1.26E-03	-1.26E-03	-1.26E-03	-1.26E-03	-1.26E-03	-1.26E-03	-1.26E-03	-1.26E-03	-1.26E-03	-1.26E-03	-1.26E-03	-1.27E-03	-1.27E-03	-1.27E-03	-1.27E-03	-1.27E-03	-1.27E-03	-1.28E-03	-1.28E-03	-1.28E-03	-1.28E-03	-1.28E-03	-1.29E-03	-1.29E-03	-1.29E-03
-1.28E-03	-1.28E-03	-1.28E-03	-1.27E-03	-1.27E-03	-1.27E-03	-1.27E-03	-1.27E-03	-1.27E-03	-1.27E-03	-1.27E-03	-1.28E-03	-1.28E-03	-1.28E-03	-1.28E-03	-1.28E-03	-1.28E-03	-1.28E-03	-1.28E-03	-1.28E-03	-1.29E-03	-1.29E-03	-1.29E-03	-1.29E-03	-1.29E-03	-1.30E-03	-1.30E-03	-1.30E-03	-1.30E-03	-1.30E-03	-1.31E-03	-1.31E-03	-1.31E-03
-1.30E-03	-1.29E-03	-1.29E-03	-1.29E-03	-1.29E-03	-1.29E-03	-1.29E-03	-1.29E-03	-1.29E-03	-1.29E-03	-1.29E-03	-1.29E-03	-1.29E-03	-1.30E-03	-1.30E-03	-1.30E-03	-1.30E-03	-1.30E-03	-1.30E-03	-1.30E-03	-1.30E-03	-1.31E-03	-1.31E-03	-1.31E-03	-1.31E-03	-1.31E-03	-1.32E-03	-1.32E-03	-1.32E-03	-1.32E-03	-1.32E-03	-1.33E-03	-1.33E-03
-1.31E-03	-1.31E-03	-1.31E-03	-1.31E-03	-1.31E-03	-1.31E-03	-1.31E-03	-1.31E-03	-1.31E-03	-1.31E-03	-1.31E-03	-1.31E-03	-1.31E-03	-1.31E-03	-1.31E-03	-1.32E-03	-1.32E-03	-1.32E-03	-1.32E-03	-1.32E-03	-1.32E-03	-1.32E-03	-1.33E-03	-1.33E-03	-1.33E-03	-1.33E-03	-1.33E-03	-1.34E-03	-1.34E-03	-1.34E-03	-1.34E-03	-1.34E-03	-1.35E-03
-1.33E-03	-1.33E-03	-1.33E-03	-1.33E-03	-1.33E-03	-1.33E-03	-1.33E-03	-1.33E-03	-1.33E-03	-1.33E-03	-1.33E-03	-1.33E-03	-1.33E-03	-1.33E-03	-1.33E-03	-1.33E-03	-1.34E-03	-1.34E-03	-1.34E-03	-1.34E-03	-1.34E-03	-1.34E-03	-1.34E-03	-1.35E-03	-1.35E-03	-1.35E-03	-1.35E-03	-1.35E-03	-1.36E-03	-1.36E-03	-1.36E-03	-1.36E-03	-1.36E-03
-1.35E-03	-1.35E-03	-1.35E-03	-1.35E-03	-1.35E-03	-1.35E-03	-1.35E-03	-1.35E-03	-1.35E-03	-1.35E-03	-1.35E-03	-1.35E-03	-1.35E-03	-1.35E-03	-1.35E-03	-1.35E-03	-1.35E-03	-1.35E-03	-1.36E-03	-1.36E-03	-1.36E-03	-1.36E-03	-1.36E-03	-1.36E-03	-1.37E-03	-1.37E-03	-1.37E-03	-1.37E-03	-1.37E-03	-1.38E-03	-1.38E-03	-1.38E-03	-1.38E-03
-1.36E-03	-1.36E-03	-1.36E-03	-1.36E-03	-1.36E-03	-1.36E-03	-1.36E-03	-1.36E-03	-1.36E-03	-1.36E-03	-1.36E-03	-1.36E-03	-1.37E-03	-1.37E-03	-1.37E-03	-1.37E-03	-1.37E-03	-1.37E-03	-1.37E-03	-1.38E-03	-1.38E-03	-1.38E-03	-1.38E-03	-1.38E-03	-1.38E-03	-1.39E-03	-1.39E-03	-1.39E-03	-1.39E-03	-1.39E-03	-1.40E-03	-1.40E-03	-1.40E-03
-1.38E-03	-1.38E-03	-1.38E-03	-1.38E-03	-1.38E-03	-1.38E-03	-1.38E-03	-1.38E-03	-1.38E-03	-1.38E-03	-1.38E-03	-1.38E-03	-1.38E-03	-1.38E-03	-1.39E-03	-1.39E-03	-1.39E-03	-1.39E-03	-1.39E-03	-1.39E-03	-1.39E-03	-1.40E-03	-1.40E-03	-1.40E-03	-1.40E-03	-1.40E-03	-1.41E-03	-1.41E-03	-1.41E-03	-1.41E-03	-1.41E-03	-1.42E-03	-1.42E-03
