-1.021805257	-1.023092139	-1.024473954	-1.025909281	-1.027365504	-1.028825072	-1.030285379	-1.031747405	-1.033209598	-1.034672628	-1.036135611	-1.037598257	-1.039061251	-1.040525489	-1.041990063	-1.043455353	-1.044920505	-1.046385462	-1.047851462	-1.049318426	-1.05078912	-1.052262108	-1.05374042	-1.055220812	-1.056708167	-1.05819706	-1.059670547	-1.06114037	-1.062492107	-1.063811815	-1.064894809	-1.065933156	-1.066673769
-1.021804542	-1.023091271	-1.024473085	-1.025908365	-1.027364586	-1.028824151	-1.030284457	-1.03174648	-1.033208672	-1.0346717	-1.036134683	-1.037597327	-1.039060319	-1.040524556	-1.041989128	-1.043454417	-1.044919567	-1.046384524	-1.047850521	-1.049317484	-1.050788173	-1.05226116	-1.053739466	-1.055219856	-1.056707203	-1.058196091	-1.059669591	-1.061139493	-1.062491228	-1.063811107	-1.0648941	-1.065932601	-1.066673374
-1.021802402	-1.023088666	-1.024470477	-1.025905617	-1.027361835	-1.028821388	-1.030281689	-1.031743706	-1.033205893	-1.034668917	-1.036131897	-1.037594538	-1.039057524	-1.040521757	-1.041986323	-1.043451609	-1.044916756	-1.046381708	-1.047847698	-1.049314659	-1.050785333	-1.052258316	-1.053736604	-1.05521699	-1.056704317	-1.058193202	-1.059666732	-1.061136862	-1.062488593	-1.063808981	-1.064891972	-1.065930937	-1.06667219
-1.021798836	-1.023084326	-1.02446613	-1.025901034	-1.027357248	-1.028816783	-1.030277078	-1.031739083	-1.033201261	-1.03466428	-1.036127256	-1.03758989	-1.039052865	-1.040517092	-1.041981649	-1.043446929	-1.044912071	-1.046377017	-1.047842995	-1.04930995	-1.050780598	-1.052253574	-1.053731833	-1.055212214	-1.056699508	-1.058188387	-1.059661964	-1.061132472	-1.062484198	-1.063805439	-1.064888425	-1.065928163	-1.066670217
-1.021793844	-1.023078251	-1.024460047	-1.025894621	-1.027350826	-1.028810336	-1.030270624	-1.031732612	-1.033194778	-1.034657788	-1.036120757	-1.037583384	-1.039046343	-1.040510562	-1.041975106	-1.043440377	-1.044905512	-1.046370451	-1.047836411	-1.049303357	-1.050773971	-1.052246938	-1.053725156	-1.055205529	-1.056692777	-1.058181648	-1.05965529	-1.061126326	-1.062478044	-1.06380048	-1.064883459	-1.06592428	-1.066667455
-1.021787427	-1.023070441	-1.024452227	-1.025886376	-1.027342571	-1.028802047	-1.030262324	-1.031724291	-1.033186441	-1.034649442	-1.036112402	-1.037575018	-1.039037958	-1.040502165	-1.041966693	-1.043431954	-1.04489708	-1.046362008	-1.047827946	-1.049294881	-1.05076545	-1.052238407	-1.053716572	-1.055196935	-1.056684123	-1.058172982	-1.059646709	-1.061118424	-1.062470131	-1.063794101	-1.064877074	-1.065919287	-1.066663903
-1.021779582	-1.023060894	-1.024442668	-1.025876299	-1.027332481	-1.028791916	-1.03025218	-1.031714121	-1.033176256	-1.03463924	-1.03610219	-1.037564793	-1.039027709	-1.040491903	-1.04195641	-1.043421658	-1.044886774	-1.046351688	-1.0478176	-1.049284522	-1.050755035	-1.052227979	-1.05370608	-1.055186429	-1.056673545	-1.058162391	-1.059636222	-1.061108315	-1.062460462	-1.063786308	-1.064869271	-1.065913019	-1.066659343
-1.021770311	-1.023049612	-1.024431371	-1.025864388	-1.027320554	-1.028779942	-1.030240193	-1.031702104	-1.033164222	-1.034627184	-1.036090121	-1.037552708	-1.039015596	-1.040479775	-1.041944258	-1.043409491	-1.044874594	-1.046339494	-1.047805373	-1.049272277	-1.050742726	-1.052215655	-1.053693679	-1.055174013	-1.056661043	-1.058149873	-1.059623827	-1.061095905	-1.062449035	-1.063777098	-1.06486005	-1.06590545	-1.066653745
-1.021759613	-1.023036593	-1.024418336	-1.025850646	-1.027306794	-1.028766127	-1.03022636	-1.031688235	-1.033150336	-1.034613272	-1.036076195	-1.037538765	-1.03900162	-1.040465781	-1.041930237	-1.043395451	-1.044860539	-1.046325421	-1.047791263	-1.04925815	-1.050728524	-1.052201435	-1.053679371	-1.055159686	-1.056646617	-1.058135429	-1.059609525	-1.061081585	-1.06243585	-1.063766471	-1.064849409	-1.065896716	-1.066647284
-1.021747489	-1.023021839	-1.024403562	-1.025835072	-1.0272912	-1.028750469	-1.030210682	-1.031672518	-1.033134598	-1.034597506	-1.036060413	-1.037522962	-1.03898578	-1.040449921	-1.041914345	-1.043379539	-1.044844611	-1.046309473	-1.047775273	-1.04924214	-1.050712428	-1.052185319	-1.053663155	-1.05514345	-1.056630269	-1.058119062	-1.059593317	-1.061065355	-1.062420905	-1.063754426	-1.064837349	-1.065886817	-1.066639963
-1.021733939	-1.023005349	-1.024387051	-1.025817664	-1.027273771	-1.02873297	-1.03019316	-1.031654951	-1.033117009	-1.034579884	-1.036042773	-1.0375053	-1.038968076	-1.040432195	-1.041896584	-1.043361755	-1.044826808	-1.046291647	-1.047757401	-1.049224245	-1.050694439	-1.052167306	-1.053645031	-1.055125303	-1.056611997	-1.058100766	-1.059575201	-1.061047216	-1.062404202	-1.063740963	-1.064823869	-1.065875754	-1.066631779
-1.021718962	-1.022987122	-1.024368802	-1.025798425	-1.027254507	-1.028713628	-1.030173793	-1.031635535	-1.033097568	-1.034560407	-1.036023276	-1.037485778	-1.038948509	-1.040412603	-1.041876953	-1.043342099	-1.044807131	-1.046271946	-1.047737648	-1.049204467	-1.050674556	-1.052147398	-1.053624998	-1.055105245	-1.0565918	-1.058080543	-1.059555177	-1.061027167	-1.062385741	-1.063726084	-1.064808971	-1.065863525	-1.066622733
-1.021702556	-1.022967158	-1.024348813	-1.025777352	-1.027233407	-1.028692443	-1.030152581	-1.03161427	-1.033076276	-1.034539075	-1.036001922	-1.037464397	-1.038927077	-1.040391144	-1.041855451	-1.043320571	-1.044785581	-1.046250367	-1.047716013	-1.049182804	-1.050652777	-1.052125592	-1.053603057	-1.055083275	-1.056569678	-1.058058395	-1.059533246	-1.061005208	-1.062365521	-1.063709787	-1.064792653	-1.06585013	-1.066612825
-1.021684724	-1.022945458	-1.024327084	-1.025754445	-1.02721047	-1.028669414	-1.030129524	-1.031591154	-1.03305313	-1.034515886	-1.03597871	-1.037441156	-1.038903781	-1.040367818	-1.041832079	-1.043297169	-1.044762154	-1.046226911	-1.047692495	-1.049159256	-1.050629104	-1.052101889	-1.053579206	-1.055059395	-1.056545633	-1.05803432	-1.059509406	-1.060981339	-1.062343543	-1.063692072	-1.064774915	-1.06583557	-1.066602054
-1.021665465	-1.022922022	-1.024303618	-1.025729706	-1.0271857	-1.028644543	-1.030104621	-1.031566188	-1.033028133	-1.034490843	-1.03595364	-1.037416054	-1.038878621	-1.040342626	-1.041806837	-1.043271894	-1.044736853	-1.046201578	-1.047667096	-1.049133824	-1.050603537	-1.052076289	-1.053553448	-1.055033604	-1.056519665	-1.058008318	-1.059483659	-1.060955559	-1.062319804	-1.063671322	-1.064755757	-1.065819845	-1.06659042
-1.02164478	-1.02289685	-1.024278413	-1.025703134	-1.027159093	-1.028617829	-1.030077873	-1.031539372	-1.033001283	-1.034463943	-1.035926706	-1.037389093	-1.038851596	-1.040315566	-1.041779724	-1.043244747	-1.044709677	-1.046174367	-1.047639814	-1.049106508	-1.050576076	-1.052048793	-1.053525782	-1.055005903	-1.056491772	-1.057980389	-1.059456004	-1.060927869	-1.062294306	-1.063645792	-1.064735179	-1.065802953	-1.066577924
-1.021622666	-1.02286994	-1.024251469	-1.025674729	-1.027130652	-1.028589273	-1.03004928	-1.031510706	-1.03297258	-1.034435187	-1.035897913	-1.037360271	-1.038822707	-1.04028664	-1.04175074	-1.043215726	-1.044680626	-1.046145279	-1.04761065	-1.049077307	-1.05054672	-1.052019401	-1.053496206	-1.05497629	-1.056461953	-1.057950532	-1.05942644	-1.060898268	-1.062267048	-1.063618499	-1.064713179	-1.065784894	-1.066564564
-1.021599124	-1.022841293	-1.024222785	-1.02564449	-1.027100374	-1.028558873	-1.030018841	-1.03148019	-1.032942025	-1.034404575	-1.035867262	-1.037329588	-1.038791952	-1.040255846	-1.041719886	-1.043184832	-1.0446497	-1.046114314	-1.047579603	-1.049046221	-1.050515469	-1.051988109	-1.053464719	-1.054944763	-1.056430208	-1.057918748	-1.059394968	-1.060866755	-1.062238031	-1.063589445	-1.064689759	-1.065765668	-1.06655034
-1.021574152	-1.022810905	-1.024192359	-1.025612415	-1.027068259	-1.028526629	-1.029986556	-1.031447823	-1.032909616	-1.034372106	-1.035834752	-1.037297045	-1.038759333	-1.040223185	-1.041687159	-1.043152065	-1.044616898	-1.04608147	-1.047546673	-1.04901325	-1.050482322	-1.051954919	-1.053431322	-1.054911322	-1.056396537	-1.057885036	-1.059361586	-1.060833332	-1.062207254	-1.063558628	-1.064664917	-1.065745273	-1.066535253
-1.021547753	-1.022778782	-1.024160195	-1.025578507	-1.027034308	-1.02849254	-1.029952424	-1.031413605	-1.032875354	-1.034337781	-1.035800382	-1.037262641	-1.038724858	-1.040188656	-1.041652562	-1.043117423	-1.04458222	-1.046046748	-1.04751186	-1.048978393	-1.05044728	-1.051919832	-1.053396017	-1.054875972	-1.056360943	-1.057849396	-1.059326296	-1.060797996	-1.062174715	-1.063526049	-1.064638654	-1.06572132	-1.066518655
-1.021519927	-1.022744922	-1.024126291	-1.025542766	-1.026998522	-1.02845661	-1.029916446	-1.031377535	-1.032839239	-1.034301599	-1.035764154	-1.037226376	-1.038688547	-1.040152259	-1.041616093	-1.043080908	-1.044545666	-1.046010147	-1.047475164	-1.048941651	-1.050410343	-1.051882847	-1.053358801	-1.054838709	-1.056323422	-1.057811828	-1.059289096	-1.060760749	-1.062140416	-1.063491705	-1.064610969	-1.065693601	-1.066500518
-1.021490671	-1.022709323	-1.024090647	-1.025505189	-1.026960898	-1.028418834	-1.029878622	-1.031339615	-1.03280127	-1.034263559	-1.035726066	-1.037188249	-1.038650372	-1.040113994	-1.041577752	-1.043042518	-1.044507236	-1.045971668	-1.047436584	-1.048903022	-1.050371509	-1.051843963	-1.053319676	-1.054799534	-1.056283976	-1.057772331	-1.059249986	-1.06072159	-1.062104356	-1.063455599	-1.064581862	-1.065664455	-1.066481449
-1.021459987	-1.022671986	-1.024053264	-1.025465779	-1.026921437	-1.028379214	-1.029838951	-1.031299843	-1.032761447	-1.034223663	-1.035686119	-1.037148261	-1.038610332	-1.040073861	-1.041537539	-1.043002254	-1.044466929	-1.04593131	-1.047396121	-1.048862506	-1.050330778	-1.051803181	-1.05327864	-1.054758445	-1.056242602	-1.057730906	-1.059208966	-1.060680515	-1.062066532	-1.063417728	-1.064551333	-1.065633887	-1.066461448
-1.021427874	-1.022632911	-1.024014138	-1.025424533	-1.026880138	-1.028337749	-1.029797434	-1.03125822	-1.032719771	-1.034181909	-1.035644311	-1.03710641	-1.038568428	-1.040031859	-1.041495467	-1.042960115	-1.044424746	-1.045889074	-1.047353774	-1.048820104	-1.050288151	-1.051760499	-1.053235692	-1.054715442	-1.056199302	-1.057687551	-1.059166034	-1.060637527	-1.062026946	-1.063378094	-1.064519382	-1.065601894	-1.066440513
-1.02139433	-1.022592096	-1.023973271	-1.025381451	-1.026837001	-1.028294438	-1.029754067	-1.031214744	-1.032676239	-1.034138297	-1.035600643	-1.037062698	-1.03852466	-1.039987988	-1.04145154	-1.0429161	-1.044380686	-1.045844957	-1.047309541	-1.048775815	-1.050243626	-1.051715917	-1.053190833	-1.054670525	-1.056154074	-1.057642265	-1.059121193	-1.060592629	-1.0619856	-1.063336695	-1.064486007	-1.065568476	-1.066418642
-1.021359357	-1.022549542	-1.023930663	-1.025336533	-1.026792027	-1.028249282	-1.029708853	-1.031169416	-1.032630853	-1.034092826	-1.035555115	-1.037017123	-1.038479027	-1.039942247	-1.041405741	-1.042870211	-1.044334748	-1.04579896	-1.047263423	-1.048729638	-1.050197204	-1.051669436	-1.053144062	-1.054623695	-1.056106919	-1.05759505	-1.05907444	-1.060545817	-1.061942492	-1.063293531	-1.064451208	-1.065533633	-1.066395837
-1.021322953	-1.022505249	-1.023886314	-1.02528978	-1.026745214	-1.02820228	-1.029661792	-1.031122235	-1.032583613	-1.034045498	-1.035507725	-1.036969685	-1.038431529	-1.039894637	-1.04135807	-1.042822446	-1.044286931	-1.045751083	-1.04721542	-1.048681574	-1.050148884	-1.051621054	-1.05309538	-1.05457495	-1.056057837	-1.057545905	-1.059025776	-1.06049709	-1.06189762	-1.063248602	-1.064414985	-1.065497362	-1.066371393
-1.021285119	-1.022459216	-1.023840222	-1.025241191	-1.026696562	-1.028153432	-1.029612881	-1.031073201	-1.032534516	-1.033996311	-1.035458475	-1.036920384	-1.038382165	-1.039845157	-1.041308527	-1.042772804	-1.044237226	-1.045701325	-1.047165532	-1.048631622	-1.050098667	-1.051570773	-1.053044785	-1.054524291	-1.056006827	-1.057494829	-1.0589752	-1.06044645	-1.061850984	-1.063201906	-1.064377337	-1.065459665	-1.066345026
-1.021245855	-1.022411445	-1.023792389	-1.025190765	-1.026646073	-1.028102739	-1.029562123	-1.031022313	-1.032483563	-1.033945264	-1.035407363	-1.03686922	-1.038330935	-1.039793807	-1.041257111	-1.042721286	-1.044185642	-1.045649687	-1.047113758	-1.048579782	-1.050046552	-1.05151859	-1.052992277	-1.054471717	-1.055953889	-1.057441821	-1.058922709	-1.060393893	-1.061802585	-1.063153444	-1.064338265	-1.065420541	-1.066317658
-1.021205158	-1.022361932	-1.023742812	-1.025138502	-1.026593743	-1.028050198	-1.029509515	-1.030969572	-1.032430755	-1.033892358	-1.035354389	-1.036816192	-1.038277839	-1.039740587	-1.041203823	-1.042667891	-1.044132179	-1.045596167	-1.047060119	-1.048526053	-1.049992537	-1.051464505	-1.052937856	-1.054417226	-1.05589902	-1.057386881	-1.058868307	-1.060339421	-1.061752421	-1.063103216	-1.064297766	-1.06537999	-1.066289289
-1.021163029	-1.022310677	-1.023691492	-1.025084401	-1.026539573	-1.02799581	-1.029455058	-1.030914977	-1.03237609	-1.033837592	-1.035299553	-1.0367613	-1.038222876	-1.039685495	-1.041148661	-1.042612619	-1.044076836	-1.045540766	-1.047004646	-1.048470434	-1.049936622	-1.051408519	-1.052881521	-1.054360818	-1.055842221	-1.05733001	-1.058811992	-1.060283034	-1.061700492	-1.06305122	-1.064255841	-1.06533801	-1.06625992
-1.021119468	-1.02225768	-1.023638428	-1.025028463	-1.026483563	-1.027939574	-1.02939875	-1.030858527	-1.032319567	-1.033780965	-1.035242854	-1.036704543	-1.038166046	-1.039628531	-1.041091624	-1.042555469	-1.044019612	-1.045483482	-1.046947289	-1.048412925	-1.049878808	-1.05135063	-1.052823272	-1.054302494	-1.055783493	-1.057271206	-1.058753763	-1.06022473	-1.061646797	-1.062997455	-1.064212489	-1.065294601	-1.06622955
-1.021074474	-1.02220607	-1.02358362	-1.024970686	-1.026425712	-1.027881491	-1.029340593	-1.030800222	-1.032261188	-1.033722477	-1.035184292	-1.036645921	-1.038107349	-1.039569696	-1.041032714	-1.042496442	-1.043960509	-1.045424315	-1.046888046	-1.048353527	-1.04981926	-1.051290839	-1.052763109	-1.054242253	-1.055722834	-1.057210468	-1.058693618	-1.060164508	-1.061591336	-1.062941923	-1.06416771	-1.065249763	-1.06619642
-1.021028047	-1.022159585	-1.023527067	-1.02491107	-1.026366021	-1.027821559	-1.029280584	-1.030740062	-1.032200951	-1.033662129	-1.035123866	-1.036585433	-1.038046784	-1.039508989	-1.040971928	-1.042435535	-1.043899524	-1.045363266	-1.046826919	-1.048292238	-1.049757892	-1.051229146	-1.052701032	-1.054180095	-1.055660244	-1.057147797	-1.058631559	-1.060102369	-1.061534108	-1.062884621	-1.064121502	-1.065203494	-1.066162077
-1.020980187	-1.022111663	-1.023468771	-1.024849619	-1.02630449	-1.027759778	-1.029218726	-1.030678047	-1.032138856	-1.033599919	-1.035061576	-1.03652308	-1.037984351	-1.039446409	-1.040909268	-1.04237275	-1.043836658	-1.045300334	-1.046763906	-1.048229059	-1.04969463	-1.051165548	-1.052637134	-1.054116019	-1.055595723	-1.057083193	-1.058567585	-1.060038312	-1.061475113	-1.062825549	-1.064073865	-1.065155795	-1.066126669
-1.020930892	-1.022062307	-1.023408729	-1.024789186	-1.026241115	-1.027696148	-1.029155015	-1.030614175	-1.032074903	-1.033535847	-1.034997422	-1.036458861	-1.037920049	-1.039381956	-1.040844732	-1.042308086	-1.04377191	-1.045235517	-1.046699005	-1.048163987	-1.049629475	-1.051100046	-1.052571547	-1.054050023	-1.05552927	-1.057016652	-1.058501693	-1.059972336	-1.06141435	-1.062764702	-1.064024794	-1.06510666	-1.066090195
-1.020880162	-1.022011513	-1.02334694	-1.024727318	-1.026175898	-1.027630669	-1.029089451	-1.030548445	-1.032009089	-1.033469912	-1.034931403	-1.036392774	-1.037853878	-1.039315629	-1.040778319	-1.042241541	-1.04370528	-1.045168815	-1.046632217	-1.048097024	-1.049562425	-1.051032638	-1.052504052	-1.053982107	-1.055460914	-1.056948177	-1.058433885	-1.059904441	-1.061351819	-1.062702089	-1.063974296	-1.065056094	-1.066052137
-1.020827997	-1.021959282	-1.023283404	-1.024663701	-1.026108837	-1.02756346	-1.029022036	-1.030480859	-1.031941417	-1.033402115	-1.034863518	-1.03632482	-1.037785837	-1.039247427	-1.04071003	-1.042173115	-1.043636766	-1.045100228	-1.046563542	-1.048028167	-1.049493479	-1.050963325	-1.052434648	-1.053912271	-1.055390988	-1.056877765	-1.05836416	-1.059834623	-1.061287515	-1.062637702	-1.063922367	-1.065004095	-1.066011429
-1.020774396	-1.021905613	-1.023218121	-1.024598335	-1.026039934	-1.027494468	-1.028952767	-1.030411415	-1.031871884	-1.033332453	-1.034793768	-1.036254998	-1.037715925	-1.039177352	-1.040639864	-1.042102809	-1.043566369	-1.045029756	-1.046492979	-1.047957418	-1.049422638	-1.050892106	-1.052363337	-1.053840515	-1.055319138	-1.056805417	-1.058292517	-1.059762886	-1.061221443	-1.062571542	-1.063869005	-1.064950661	-1.065969595
-1.020719358	-1.021850506	-1.023151091	-1.024531219	-1.025969186	-1.027423631	-1.028881644	-1.030340161	-1.03180049	-1.033260928	-1.034722151	-1.036183308	-1.037644143	-1.0391054	-1.04056782	-1.042030622	-1.043494089	-1.044957399	-1.046420526	-1.047884774	-1.0493499	-1.050818981	-1.052290116	-1.053766837	-1.055245364	-1.056731131	-1.058218139	-1.059689227	-1.0611536	-1.062503608	-1.06381421	-1.064895792	-1.065926634
-1.020662884	-1.021793959	-1.023082312	-1.024462353	-1.025896593	-1.027350946	-1.028808667	-1.030267091	-1.031727236	-1.03318754	-1.034648668	-1.036109749	-1.037570489	-1.039031573	-1.040493898	-1.041956553	-1.043419924	-1.044883154	-1.046346185	-1.047810237	-1.049275267	-1.050743949	-1.052214986	-1.053691237	-1.055169665	-1.056654907	-1.058141815	-1.059613644	-1.061083815	-1.062433898	-1.063757981	-1.064839486	-1.065882272
-1.020604971	-1.021735973	-1.023011783	-1.024391736	-1.025822156	-1.027276417	-1.028733837	-1.030192164	-1.03165212	-1.033112308	-1.034573316	-1.036034321	-1.037494964	-1.038955871	-1.040418097	-1.0418806	-1.043343873	-1.044807022	-1.046269953	-1.047733804	-1.049198735	-1.050667009	-1.052137944	-1.053613714	-1.05509204	-1.056576743	-1.058063549	-1.059536139	-1.061006205	-1.062362412	-1.063700316	-1.064781742	-1.065834828
-1.020545619	-1.021676546	-1.022939505	-1.024319366	-1.025745872	-1.027200036	-1.028657149	-1.030115379	-1.03157514	-1.03303523	-1.034496095	-1.035957022	-1.037417565	-1.03887829	-1.040340416	-1.041802764	-1.043265935	-1.044729	-1.046191831	-1.047655474	-1.049120302	-1.050588158	-1.05205899	-1.053534267	-1.055012488	-1.056496638	-1.057983339	-1.059456707	-1.060926666	-1.062289149	-1.063638872	-1.064722559	-1.065786198
-1.020484827	-1.021615678	-1.022865476	-1.024245243	-1.02566774	-1.027121805	-1.028578604	-1.030036734	-1.031496297	-1.032956286	-1.034417006	-1.035877838	-1.037338293	-1.038798831	-1.040260854	-1.041723043	-1.043186111	-1.04464909	-1.046111816	-1.047575247	-1.04903997	-1.050507397	-1.051978123	-1.053452895	-1.054931009	-1.056414592	-1.057901184	-1.059375349	-1.060845199	-1.062214107	-1.06356373	-1.064661935	-1.065736381
-1.020422594	-1.021553366	-1.022789694	-1.024169366	-1.025587761	-1.027041724	-1.028498201	-1.02995623	-1.031415589	-1.032875475	-1.034336045	-1.035796774	-1.037257145	-1.038717492	-1.04017941	-1.041641436	-1.043104398	-1.044567289	-1.046029908	-1.047493122	-1.048957736	-1.050424725	-1.051895341	-1.053369596	-1.054847599	-1.056330602	-1.057817082	-1.059292062	-1.0607618	-1.062137284	-1.063486802	-1.064599866	-1.065681039
-1.020358918	-1.02148961	-1.02271216	-1.024091734	-1.025505931	-1.026959791	-1.02841594	-1.029873864	-1.031333015	-1.032792796	-1.034253213	-1.035713835	-1.037174122	-1.03863435	-1.040096083	-1.041557943	-1.043020795	-1.044483596	-1.045946105	-1.047409097	-1.0488736	-1.050340139	-1.051810643	-1.053284368	-1.054762258	-1.056244667	-1.057731031	-1.059206846	-1.06067647	-1.062058678	-1.063408087	-1.064536349	-1.065617431
-1.020293798	-1.021424408	-1.02263287	-1.024012345	-1.025422251	-1.026876005	-1.028331818	-1.029789635	-1.031248574	-1.032708247	-1.034168508	-1.035629022	-1.037089221	-1.038549339	-1.040010871	-1.041472571	-1.042935301	-1.044398009	-1.045860406	-1.047323171	-1.04878756	-1.050253638	-1.051724027	-1.05319721	-1.054674983	-1.056156784	-1.057643029	-1.059119697	-1.060589203	-1.061978287	-1.063327585	-1.064471388	-1.065552377
-1.020227231	-1.021357758	-1.022551823	-1.023931196	-1.025336717	-1.026790363	-1.028245833	-1.029703543	-1.031162265	-1.032621826	-1.034081927	-1.035542329	-1.037002439	-1.038462445	-1.039923772	-1.041385357	-1.042847912	-1.044310526	-1.045772808	-1.04723534	-1.048699611	-1.050165218	-1.051635489	-1.053108117	-1.054585771	-1.056066949	-1.057553072	-1.059030611	-1.060499996	-1.061896106	-1.06324529	-1.064404973	-1.065485867
-1.020159215	-1.021289658	-1.022469016	-1.023848285	-1.025249327	-1.026702862	-1.028157982	-1.029615581	-1.03107408	-1.032533529	-1.033993466	-1.035453754	-1.036913773	-1.038373664	-1.03983478	-1.041296249	-1.042758625	-1.044221131	-1.045683305	-1.047145598	-1.04860975	-1.050074876	-1.051545025	-1.053017086	-1.054494617	-1.055975158	-1.057461155	-1.058939583	-1.060408844	-1.06181213	-1.063161195	-1.064337098	-1.065417895
-1.020089747	-1.021220102	-1.022384445	-1.023763608	-1.025160077	-1.0266135	-1.028068261	-1.029525746	-1.030984019	-1.032443352	-1.033903122	-1.035363294	-1.036823219	-1.038282992	-1.039743893	-1.041205243	-1.042667435	-1.04412982	-1.045591893	-1.047053942	-1.048517971	-1.049982606	-1.05145263	-1.052924111	-1.054401515	-1.055881404	-1.057367273	-1.058846607	-1.060315739	-1.061726351	-1.063075295	-1.064267758	-1.065348452
-1.020027011	-1.021149087	-1.022298106	-1.02367716	-1.025068961	-1.026522269	-1.027976666	-1.029434033	-1.030892075	-1.03235129	-1.033810889	-1.035270941	-1.036730771	-1.038190423	-1.039651104	-1.041112331	-1.042574335	-1.044036596	-1.045498565	-1.04696048	-1.048424267	-1.049888399	-1.051358295	-1.052829183	-1.054306455	-1.055785679	-1.057271414	-1.058751672	-1.060220671	-1.061638759	-1.062987577	-1.064196939	-1.065277527
-1.019979004	-1.021076605	-1.022209991	-1.023588934	-1.024975973	-1.026429163	-1.027883187	-1.029340435	-1.030798241	-1.032257334	-1.033716758	-1.035176687	-1.036636419	-1.038095947	-1.039556403	-1.041017504	-1.042479314	-1.043941448	-1.045403311	-1.046865097	-1.048328626	-1.049792397	-1.051262007	-1.05273229	-1.054209425	-1.055687968	-1.057173566	-1.058654764	-1.060123625	-1.061549338	-1.062898027	-1.064124626	-1.065205102
-1.019930004	-1.021002647	-1.022132732	-1.023498918	-1.024881101	-1.026334171	-1.027787813	-1.029244939	-1.030702504	-1.032161472	-1.033620718	-1.03508052	-1.03654015	-1.03799955	-1.039459776	-1.040920746	-1.042382359	-1.043844362	-1.045306114	-1.046767766	-1.048231031	-1.049694667	-1.05116375	-1.052633413	-1.054110406	-1.055588253	-1.057073707	-1.058555861	-1.06002458	-1.061458066	-1.06280662	-1.064050796	-1.065131153
-1.019879997	-1.020927196	-1.022057186	-1.023407098	-1.024785811	-1.026237276	-1.02769053	-1.02914753	-1.030604847	-1.032063688	-1.03352275	-1.03498242	-1.036441944	-1.037901211	-1.0393612	-1.040822036	-1.042283446	-1.043745313	-1.045206951	-1.046668464	-1.048131458	-1.049594954	-1.051063496	-1.052532978	-1.054009369	-1.055486503	-1.056971808	-1.058454934	-1.059923503	-1.06136491	-1.062713323	-1.063975412	-1.065055645
-1.019828963	-1.020850234	-1.021980125	-1.023313452	-1.024692044	-1.026138455	-1.027591311	-1.029048182	-1.030505246	-1.031963952	-1.033422824	-1.034882358	-1.036341772	-1.037800902	-1.039260646	-1.040721343	-1.042182542	-1.043644267	-1.045105786	-1.046567155	-1.04802987	-1.04949322	-1.050961209	-1.052430538	-1.053906273	-1.055382962	-1.056867824	-1.058351935	-1.059820347	-1.06126982	-1.062618085	-1.063898425	-1.064978527
-1.019776872	-1.020771728	-1.021901517	-1.023217947	-1.024596414	-1.026037674	-1.02749036	-1.028946859	-1.030403662	-1.031862228	-1.033320902	-1.034780294	-1.036239593	-1.037698578	-1.03915807	-1.040618619	-1.0420796	-1.043541176	-1.045002569	-1.046463788	-1.047926213	-1.049389409	-1.050856829	-1.052325995	-1.053801057	-1.05527758	-1.056761689	-1.058246669	-1.059715041	-1.061172724	-1.06252083	-1.063819755	-1.064899718
-1.01972368	-1.020691634	-1.021821315	-1.023120536	-1.024498872	-1.025934883	-1.02738743	-1.028843509	-1.030300102	-1.03175846	-1.033216927	-1.034676167	-1.036135343	-1.037594174	-1.039053403	-1.040513797	-1.041974549	-1.043435966	-1.044897225	-1.046358283	-1.047820407	-1.04928344	-1.050750274	-1.052219262	-1.053693627	-1.055169973	-1.056653303	-1.058138103	-1.05960748	-1.061073514	-1.062421447	-1.063739287	-1.064819099
-1.019669325	-1.020609888	-1.021739453	-1.023021149	-1.024399346	-1.025830009	-1.027282408	-1.028738053	-1.030194497	-1.031652564	-1.033110818	-1.034569889	-1.03602893	-1.037487595	-1.038946547	-1.040406773	-1.041867282	-1.043328529	-1.044789641	-1.046250525	-1.047712333	-1.04917519	-1.050641416	-1.052110205	-1.053583846	-1.055059996	-1.05654252	-1.058027121	-1.059497507	-1.060965369	-1.062319771	-1.063656852	-1.064736496
-1.019613712	-1.020526392	-1.021655831	-1.022919684	-1.024297731	-1.025722942	-1.027175182	-1.028630376	-1.030086659	-1.031544417	-1.033002494	-1.034461326	-1.035920216	-1.037378699	-1.038837355	-1.040297395	-1.041757644	-1.043218702	-1.04467965	-1.046140344	-1.047601815	-1.049064478	-1.050530056	-1.051998627	-1.05347151	-1.054947439	-1.05642912	-1.057913497	-1.059384888	-1.060852525	-1.062215552	-1.063563079	-1.064651647
-1.019556706	-1.020441005	-1.021570302	-1.022815989	-1.02419387	-1.025613521	-1.027065586	-1.028520309	-1.029976413	-1.031433837	-1.032891713	-1.034350282	-1.035808975	-1.037267275	-1.038725609	-1.040185438	-1.041645402	-1.043106245	-1.044567005	-1.046027482	-1.04748859	-1.048951031	-1.050415916	-1.051884233	-1.053356312	-1.054831983	-1.056312775	-1.057796891	-1.059269271	-1.060736648	-1.062108417	-1.063455695	-1.064564158
-1.019498105	-1.020353518	-1.02148265	-1.022709841	-1.024087532	-1.025501509	-1.026953375	-1.028407598	-1.029863502	-1.031320555	-1.032778194	-1.034236464	-1.035694919	-1.037153007	-1.038611039	-1.040070565	-1.041530205	-1.042990798	-1.044451335	-1.045911559	-1.047372263	-1.048834447	-1.050298572	-1.051766581	-1.053237794	-1.054713154	-1.056192992	-1.057676793	-1.059150132	-1.060617195	-1.061997809	-1.063344786	-1.064473437
-1.01943761	-1.020263623	-1.021392557	-1.022600911	-1.023978378	-1.025386553	-1.026838186	-1.028291869	-1.029747538	-1.031204168	-1.03266152	-1.034119439	-1.035577602	-1.037035428	-1.038493166	-1.039952275	-1.041411558	-1.042871829	-1.04433209	-1.045792006	-1.047252252	-1.048714123	-1.05017739	-1.051645013	-1.053115273	-1.054590242	-1.056069037	-1.057552445	-1.059026684	-1.060493356	-1.061882891	-1.063229493	-1.064378603
-1.019374784	-1.020170865	-1.02129955	-1.02248871	-1.023865902	-1.025268134	-1.026719481	-1.028172569	-1.029627948	-1.031084083	-1.032541073	-1.033998564	-1.03545636	-1.036913848	-1.038371214	-1.039829827	-1.041288732	-1.042748543	-1.04420845	-1.04566798	-1.047127685	-1.048589148	-1.050051423	-1.051518545	-1.052987726	-1.054462188	-1.05593981	-1.057422708	-1.058897752	-1.060363917	-1.061762412	-1.063108526	-1.06427833
-1.019308979	-1.020074571	-1.021202934	-1.022372517	-1.023749359	-1.025145481	-1.026596466	-1.028048876	-1.029503889	-1.030959421	-1.032415935	-1.033872884	-1.035330199	-1.036787235	-1.038244114	-1.039702115	-1.041160526	-1.04261976	-1.044079167	-1.045538222	-1.046997266	-1.048458126	-1.049919259	-1.051385705	-1.052853623	-1.054327404	-1.055803669	-1.057285881	-1.058761576	-1.060227061	-1.061634496	-1.062979954	-1.06417063
-1.01923924	-1.01997639	-1.021101678	-1.022251266	-1.023627645	-1.025017452	-1.026467962	-1.027919576	-1.029374106	-1.030828875	-1.032284745	-1.033740983	-1.035197646	-1.036654061	-1.03811028	-1.039567494	-1.04102524	-1.042483722	-1.043942453	-1.045400859	-1.046859194	-1.048319059	-1.049778784	-1.051244296	-1.052710683	-1.05418352	-1.055658155	-1.057139419	-1.058615523	-1.060080066	-1.061496335	-1.062840884	-1.064052525
-1.019164156	-1.019900744	-1.020994261	-1.02212338	-1.023499127	-1.024882359	-1.026332223	-1.027782865	-1.029236741	-1.030690511	-1.032145484	-1.033600756	-1.035056512	-1.03651205	-1.037967354	-1.039423522	-1.04088034	-1.042337808	-1.043795604	-1.045253098	-1.046710485	-1.04816892	-1.049627174	-1.051091034	-1.052555491	-1.054026993	-1.055499593	-1.056979515	-1.058455653	-1.059918862	-1.061343724	-1.06268698	-1.06391955
-1.019081646	-1.019817421	-1.020878435	-1.022004907	-1.02336139	-1.024737701	-1.026186664	-1.027636074	-1.029089037	-1.030541458	-1.031995155	-1.03344908	-1.034903545	-1.036357824	-1.037811826	-1.039266558	-1.040722061	-1.042178125	-1.043634593	-1.045090782	-1.046546828	-1.048003195	-1.049459557	-1.050921018	-1.052383281	-1.053852531	-1.055322495	-1.056800483	-1.05827608	-1.059737363	-1.061170375	-1.062511759	-1.063765017
-1.018988636	-1.019723224	-1.020750877	-1.021876119	-1.023210859	-1.024584456	-1.026027458	-1.027475247	-1.028926909	-1.030377462	-1.031829312	-1.033281318	-1.03473392	-1.036186364	-1.037638484	-1.0390912	-1.040544805	-1.041998879	-1.043453431	-1.044907728	-1.046361839	-1.047815149	-1.049268752	-1.050726935	-1.05218641	-1.053652234	-1.055118971	-1.056593829	-1.058068009	-1.059526475	-1.06096689	-1.062305521	-1.063578924
-1.018880593	-1.019613434	-1.02060668	-1.02173013	-1.023042253	-1.024414014	-1.025848941	-1.027294744	-1.028744308	-1.030192221	-1.03164137	-1.0330906	-1.034540477	-1.035990223	-1.037439595	-1.038889423	-1.040340256	-1.041791462	-1.043243218	-1.044694739	-1.046145928	-1.047594747	-1.049044292	-1.050497882	-1.051953257	-1.053414326	-1.054876918	-1.056346887	-1.05781784	-1.059272629	-1.060719239	-1.062053787	-1.063344993
-1.018750832	-1.019481087	-1.020438603	-1.021559417	-1.022847765	-1.024216837	-1.025642736	-1.027085807	-1.028532277	-1.029976492	-1.031421576	-1.032866744	-1.034312605	-1.035758359	-1.037203683	-1.038649317	-1.040096068	-1.041543092	-1.042990732	-1.044438156	-1.045884379	-1.047327055	-1.048770596	-1.050217635	-1.051666944	-1.053121272	-1.054577731	-1.056040798	-1.057505561	-1.058955619	-1.060403674	-1.06173498	-1.063040397
-1.018589508	-1.019315925	-1.020235971	-1.021352883	-1.02261588	-1.023980979	-1.025396472	-1.026835512	-1.028277577	-1.029716472	-1.031155504	-1.032594718	-1.034034599	-1.035474424	-1.036913753	-1.03835324	-1.039793952	-1.041234827	-1.04267638	-1.044117728	-1.045556251	-1.046989895	-1.04842453	-1.049862094	-1.051302405	-1.052747036	-1.054194393	-1.055647557	-1.057103121	-1.058545434	-1.059984239	-1.061317048	-1.06262578
-1.018382142	-1.01910285	-1.019983068	-1.021094188	-1.022329627	-1.023688836	-1.025091901	-1.026524965	-1.027960668	-1.029391743	-1.03082186	-1.032252282	-1.033683265	-1.035114252	-1.0365447	-1.037975125	-1.039406873	-1.040838668	-1.042271187	-1.043703507	-1.045130111	-1.04655043	-1.047971845	-1.049395597	-1.050822552	-1.052253096	-1.053686938	-1.055125744	-1.05656763	-1.057997699	-1.059422708	-1.060749832	-1.062037096
-1.018107482	-1.018819698	-1.019656815	-1.020759323	-1.021964065	-1.023314518	-1.024702188	-1.026126369	-1.027552788	-1.028972363	-1.030389309	-1.031806665	-1.033224465	-1.034642287	-1.036059562	-1.037476644	-1.038895034	-1.040313389	-1.041732499	-1.043151404	-1.044559627	-1.045960279	-1.047362102	-1.04876564	-1.050172803	-1.051582786	-1.052996593	-1.054414469	-1.055836054	-1.057247214	-1.058651689	-1.059960284	-1.061218171
-1.017734441	-1.018434037	-1.019223439	-1.020313143	-1.021482679	-1.022820112	-1.024188018	-1.025598991	-1.027011783	-1.028414471	-1.029811956	-1.031209931	-1.032608211	-1.034006509	-1.035404237	-1.036801663	-1.038200189	-1.039598694	-1.040997904	-1.042396915	-1.043776983	-1.04514869	-1.046521596	-1.047895561	-1.049273515	-1.050653479	-1.052037712	-1.053425057	-1.054816646	-1.056199134	-1.05757319	-1.058846038	-1.060060583
-1.017217769	-1.017898656	-1.018633781	-1.019704486	-1.020832307	-1.022150414	-1.023492142	-1.024883512	-1.02627626	-1.027654244	-1.029023056	-1.030392405	-1.031761892	-1.033131359	-1.03450021	-1.035868616	-1.037237887	-1.038607173	-1.039976975	-1.041346596	-1.042683987	-1.044013371	-1.045343916	-1.046674823	-1.048009997	-1.049346324	-1.050687237	-1.052030238	-1.053377847	-1.054717595	-1.056046947	-1.057258292	-1.058409695
-1.016509423	-1.017145361	-1.017816865	-1.018859499	-1.019936231	-1.021225772	-1.022531975	-1.023894372	-1.025257679	-1.02659976	-1.027926609	-1.029253996	-1.030581314	-1.031908533	-1.033235049	-1.034560936	-1.035887409	-1.037213889	-1.038540657	-1.039867188	-1.041140852	-1.042409116	-1.043678296	-1.044947151	-1.046220429	-1.047493957	-1.04877219	-1.05005142	-1.051335349	-1.052612559	-1.05385831	-1.054990104	-1.056051266
-1.015517359	-1.016076803	-1.016689625	-1.017672949	-1.018685223	-1.019932851	-1.02119008	-1.022509977	-1.023830283	-1.025120728	-1.026386866	-1.027653488	-1.028919778	-1.030185833	-1.031451044	-1.032715386	-1.033979974	-1.035244503	-1.036509034	-1.037771184	-1.038953746	-1.04013531	-1.041317265	-1.04249845	-1.043683621	-1.044868318	-1.046057549	-1.04724665	-1.048440105	-1.049627906	-1.050746408	-1.051765777	-1.052701532
-1.014091865	-1.014556499	-1.015110861	-1.015997843	-1.016939311	-1.01811382	-1.019303134	-1.020561443	-1.021819615	-1.023036964	-1.024216848	-1.025397107	-1.026576693	-1.027755839	-1.02893393	-1.030110833	-1.031287568	-1.032464097	-1.033640272	-1.034801486	-1.035864645	-1.036926384	-1.037987895	-1.039048363	-1.040111676	-1.041174279	-1.042240349	-1.043305435	-1.044373885	-1.045437752	-1.046375458	-1.047241484	-1.048009668
-1.012053059	-1.012398304	-1.012869678	-1.013635018	-1.014491482	-1.015556048	-1.016655667	-1.017822377	-1.01899234	-1.020108577	-1.021169224	-1.022230085	-1.023289835	-1.024348863	-1.025406531	-1.026462606	-1.027518001	-1.028572944	-1.029627089	-1.030646503	-1.03155095	-1.032453443	-1.033354998	-1.034255096	-1.03515679	-1.036057653	-1.036960123	-1.037861232	-1.038763423	-1.039662477	-1.040359991	-1.041029467	-1.04158508
-1.009164187	-1.009358779	-1.00971557	-1.010326907	-1.011065765	-1.011987236	-1.012966804	-1.014005403	-1.015053679	-1.016034299	-1.016936395	-1.017838525	-1.018738995	-1.019638381	-1.020536003	-1.021431526	-1.02232575	-1.023219169	-1.024111251	-1.024941759	-1.025646008	-1.026347668	-1.027047603	-1.027745526	-1.028443726	-1.029140765	-1.029837417	-1.030532208	-1.031225041	-1.031875439	-1.032320574	-1.032755661	-1.033058456
-1.005131711	-1.005139077	-1.005343796	-1.005762964	-1.006345376	-1.007084419	-1.007904193	-1.008774757	-1.009661328	-1.010467918	-1.011170041	-1.011871772	-1.012571325	-1.013269371	-1.013965151	-1.014658234	-1.015349298	-1.016039106	-1.016726944	-1.017322406	-1.017790145	-1.018254592	-1.018716484	-1.019175697	-1.019633852	-1.020090309	-1.020544364	-1.020995639	-1.021441822	-1.021789908	-1.021968021	-1.022134939	-1.022168908
-0.999622953	-0.999405528	-0.999418869	-0.999606122	-0.999991101	-1.000506381	-1.001124345	-1.001784736	-1.002467227	-1.00306239	-1.00352817	-1.003993016	-1.004455287	-1.004915424	-1.005372813	-1.005826843	-1.006278064	-1.006727507	-1.007174282	-1.007500257	-1.00770903	-1.007913785	-1.008115171	-1.008313139	-1.008508779	-1.008701995	-1.008890931	-1.009075711	-1.009252476	-1.009281182	-1.009188784	-1.009079422	-1.008843634
-0.99230929	-0.99183596	-0.991624055	-0.991545495	-0.991697262	-0.991952903	-0.99233222	-0.992745571	-0.993186878	-0.993541068	-0.993747883	-0.993953223	-0.994155707	-0.994355358	-0.994551778	-0.994744228	-0.994933026	-0.995119494	-0.995302582	-0.995346108	-0.995293098	-0.995235375	-0.995173534	-0.995107517	-0.995038042	-0.994965254	-0.99488662	-0.994801975	-0.994706961	-0.994434679	-0.994092368	-0.99372598	-0.993240978
-0.982933122	-0.982187808	-0.981730752	-0.981367029	-0.98126373	-0.981238129	-0.981355997	-0.981499582	-0.981676763	-0.981774962	-0.981719819	-0.981662666	-0.981602558	-0.981538938	-0.981471675	-0.981399867	-0.981323752	-0.981244483	-0.981161322	-0.980936752	-0.98064247	-0.980342845	-0.980038476	-0.979729184	-0.979415522	-0.979097514	-0.978772564	-0.978439282	-0.977999879	-0.977468862	-0.976904549	-0.976307657	-0.975602105
-0.971378478	-0.970365563	-0.969663024	-0.969015029	-0.968654586	-0.968346314	-0.968199929	-0.968071135	-0.967981363	-0.967827585	-0.967530878	-0.967231616	-0.966929553	-0.966623363	-0.966313246	-0.965998092	-0.965678064	-0.96535414	-0.964977436	-0.964474285	-0.963965772	-0.963451402	-0.962931758	-0.96240643	-0.961876062	-0.961340125	-0.960796698	-0.960202758	-0.95948672	-0.958750439	-0.957983183	-0.957173577	-0.956267946
-0.957712616	-0.95647096	-0.95553479	-0.954627149	-0.95403104	-0.953462594	-0.953073003	-0.952693187	-0.952357548	-0.951884221	-0.951373019	-0.950858666	-0.950341901	-0.949820455	-0.949294933	-0.948763963	-0.948227645	-0.947686766	-0.947011206	-0.946311705	-0.945606492	-0.944895048	-0.944177799	-0.943454061	-0.942724819	-0.94198855	-0.941244801	-0.94035277	-0.939443109	-0.938507513	-0.937545056	-0.936529495	-0.935433351
-0.942109358	-0.940692694	-0.939532141	-0.93841256	-0.937592589	-0.93679346	-0.936188677	-0.935586237	-0.934994315	-0.934287254	-0.93357928	-0.93286745	-0.93215376	-0.931434842	-0.930711796	-0.929982936	-0.929248307	-0.928446217	-0.927561837	-0.926671934	-0.925775957	-0.924873362	-0.923964396	-0.92304817	-0.922125945	-0.921195265	-0.920166576	-0.919067384	-0.917958088	-0.916816645	-0.91565407	-0.914426983	-0.91313729
-0.924894943	-0.923322678	-0.921960421	-0.920665911	-0.919625263	-0.918629597	-0.917814348	-0.91700844	-0.916155497	-0.915257389	-0.91435884	-0.913455587	-0.912551084	-0.911640772	-0.910726353	-0.909805764	-0.908878246	-0.907802603	-0.906721614	-0.905634543	-0.904540986	-0.903440406	-0.902332809	-0.901217208	-0.900094929	-0.898917936	-0.897625033	-0.896312372	-0.894990703	-0.893630647	-0.892256353	-0.890805814	-0.889312669
-0.906280813	-0.904559309	-0.903005738	-0.901543073	-0.900291332	-0.899113984	-0.898089052	-0.897069231	-0.895975283	-0.894880027	-0.893784391	-0.892683095	-0.891581124	-0.890472708	-0.88936023	-0.888241206	-0.887031409	-0.885746189	-0.884455301	-0.883157762	-0.881853257	-0.880541317	-0.879221614	-0.877893211	-0.876557279	-0.875060845	-0.873545123	-0.872009263	-0.870461998	-0.868877006	-0.867279938	-0.8655992	-0.863895128
-0.886349968	-0.884471823	-0.882723787	-0.881086627	-0.879620355	-0.878255581	-0.877016683	-0.875733211	-0.874424888	-0.873120587	-0.871814213	-0.870501935	-0.869189119	-0.867869315	-0.866545479	-0.865201561	-0.863703846	-0.862198741	-0.860687604	-0.859169271	-0.857643418	-0.856109762	-0.854567489	-0.853015925	-0.851369204	-0.849644944	-0.847909667	-0.8461545	-0.844385177	-0.842579791	-0.840757815	-0.838858545	-0.836879694
-0.865069769	-0.863020502	-0.861067592	-0.859242839	-0.857551723	-0.855987109	-0.854519774	-0.852959851	-0.851428197	-0.849905154	-0.84837823	-0.846845488	-0.845311029	-0.84376971	-0.842224086	-0.84057931	-0.838865716	-0.837144193	-0.835416262	-0.833680662	-0.831936933	-0.830185141	-0.828423779	-0.826576941	-0.824661314	-0.822733952	-0.820793896	-0.818834771	-0.816858444	-0.814848558	-0.812817187	-0.810657623	-0.808414526
-0.842369016	-0.840137058	-0.837971418	-0.835948916	-0.834025412	-0.832251484	-0.830487721	-0.828717329	-0.826967289	-0.825229634	-0.82348635	-0.821737012	-0.819984685	-0.818225777	-0.816396257	-0.814489893	-0.812575301	-0.810652315	-0.808722503	-0.806784683	-0.804838086	-0.80288332	-0.800858039	-0.798770781	-0.796672317	-0.794562271	-0.79243768	-0.790295367	-0.788132572	-0.785939378	-0.783669947	-0.781303887	-0.778897035
-0.818238812	-0.815826768	-0.813454349	-0.811237984	-0.809088423	-0.807080484	-0.805020778	-0.80305572	-0.801103865	-0.79916726	-0.79722351	-0.795273066	-0.793318347	-0.791317852	-0.78923853	-0.787151807	-0.785056531	-0.782952518	-0.780841146	-0.778721607	-0.776592605	-0.774414106	-0.772179994	-0.769936036	-0.767679494	-0.765411895	-0.763127731	-0.760827679	-0.758503637	-0.756116981	-0.753676279	-0.751183007	-0.748638424
-0.792741763	-0.790163969	-0.787602394	-0.785207813	-0.782850176	-0.780571884	-0.77832561	-0.77618711	-0.774055568	-0.771941149	-0.769818462	-0.767687913	-0.765535154	-0.763306804	-0.761072105	-0.758830018	-0.756579119	-0.754319156	-0.75205138	-0.749775246	-0.74746493	-0.745112277	-0.742747029	-0.740372219	-0.737983303	-0.735584216	-0.73316637	-0.730734907	-0.728254989	-0.725740765	-0.723188672	-0.720593533	-0.717936241
-0.766092262	-0.763364598	-0.760642824	-0.75808556	-0.755480529	-0.753059009	-0.750653624	-0.74836765	-0.74608344	-0.743817144	-0.741541971	-0.739255917	-0.736905301	-0.734548143	-0.732184134	-0.729812634	-0.72743216	-0.725042252	-0.722644197	-0.720226801	-0.717776583	-0.715317963	-0.712846679	-0.710365438	-0.707869506	-0.705364091	-0.702837541	-0.700294247	-0.697715891	-0.695119941	-0.692480121	-0.689807286	-0.687061144
-0.738535028	-0.7356855	-0.732844159	-0.730110647	-0.727365021	-0.724816244	-0.722280202	-0.719873717	-0.717464931	-0.715073659	-0.712673547	-0.710232756	-0.70777906	-0.705318216	-0.702850168	-0.700374325	-0.697889476	-0.695394727	-0.692889523	-0.690367614	-0.687835418	-0.685294442	-0.682740935	-0.680176705	-0.677597972	-0.675010018	-0.672411529	-0.669803275	-0.667160614	-0.664504906	-0.661799038	-0.659070663	-0.656257547
-0.710337002	-0.707394447	-0.70445449	-0.701592353	-0.698768302	-0.696108319	-0.693481831	-0.690968218	-0.688462332	-0.685971829	-0.683466664	-0.680941732	-0.6784096	-0.675869179	-0.67332142	-0.670765269	-0.668200244	-0.665630869	-0.663057758	-0.660475561	-0.657883158	-0.655281462	-0.652667583	-0.650042071	-0.647419512	-0.644799793	-0.642160306	-0.63950938	-0.63682636	-0.634129786	-0.631382036	-0.628646213	-0.625839538
-0.681750827	-0.678742801	-0.675729984	-0.67279993	-0.669921946	-0.66717753	-0.664488501	-0.661891211	-0.659316106	-0.656757933	-0.654196387	-0.651616161	-0.649028367	-0.646430512	-0.643825471	-0.641211053	-0.638616158	-0.636012523	-0.63340093	-0.630779708	-0.628148565	-0.625507459	-0.622854756	-0.620238021	-0.617610369	-0.614970113	-0.612311331	-0.609639203	-0.60693771	-0.60421918	-0.601524098	-0.598812071	-0.596010215
-0.653008482	-0.649969249	-0.646932055	-0.643958385	-0.641048738	-0.638244392	-0.635515472	-0.632862595	-0.630270308	-0.627681385	-0.625089033	-0.622477002	-0.619855599	-0.617222444	-0.614593909	-0.611992922	-0.609384389	-0.606763623	-0.604135322	-0.601496632	-0.59884854	-0.596213269	-0.593613018	-0.590999163	-0.588373358	-0.585733432	-0.583076575	-0.58040423	-0.577748555	-0.575125057	-0.57246113	-0.569774163	-0.567008686
-0.624350805	-0.621315602	-0.618276817	-0.615282843	-0.612363062	-0.609522478	-0.606792273	-0.604149011	-0.601552569	-0.598955257	-0.596354255	-0.593733453	-0.591100462	-0.588490205	-0.585905312	-0.58330933	-0.580705961	-0.578089305	-0.575465591	-0.572830466	-0.570252672	-0.567692137	-0.565122383	-0.562537645	-0.559942365	-0.557331273	-0.554705236	-0.552061375	-0.549464474	-0.546895163	-0.544291409	-0.541658715	-0.538959393
-0.595997637	-0.592988387	-0.589968748	-0.58697744	-0.584069003	-0.58125151	-0.578576233	-0.575940287	-0.573361071	-0.570778131	-0.568189978	-0.565582865	-0.563032728	-0.560490786	-0.557940156	-0.555378192	-0.552808183	-0.550224979	-0.547634355	-0.545031846	-0.542510128	-0.540007566	-0.537497267	-0.534970425	-0.532434776	-0.529881457	-0.527315564	-0.524729344	-0.522217618	-0.519718816	-0.517191963	-0.514630149	-0.512013994
-0.568145613	-0.565182857	-0.562202164	-0.559235287	-0.556423727	-0.553673304	-0.551049382	-0.548450637	-0.545917257	-0.543378729	-0.540832304	-0.538268809	-0.535772773	-0.533296064	-0.5308087	-0.528310222	-0.525802605	-0.52328222	-0.520753522	-0.51821317	-0.515767717	-0.513340126	-0.510905252	-0.508452775	-0.505993117	-0.503513753	-0.501024486	-0.498512221	-0.496099922	-0.49368199	-0.491242702	-0.48876238	-0.486240247
-0.541012676	-0.538121005	-0.535208411	-0.532295123	-0.529546515	-0.526861393	-0.524317333	-0.521785851	-0.519327215	-0.516863369	-0.514387835	-0.511898164	-0.509474445	-0.507080186	-0.504672599	-0.502254557	-0.49982575	-0.497384905	-0.494934427	-0.492472752	-0.490115485	-0.487773261	-0.485422853	-0.483055947	-0.480681353	-0.478287137	-0.475884795	-0.47345668	-0.471150175	-0.468817879	-0.466471092	-0.464077208	-0.461654067
-0.514702085	-0.511906774	-0.509091021	-0.506270489	-0.503590108	-0.500994562	-0.498538816	-0.496091948	-0.49372435	-0.491352713	-0.488964497	-0.486566049	-0.484226126	-0.481925559	-0.479608269	-0.477281635	-0.474942023	-0.472591407	-0.470229314	-0.467856699	-0.465593206	-0.463341012	-0.461079323	-0.45880245	-0.456516384	-0.454212504	-0.451898989	-0.449566446	-0.44735955	-0.44511417	-0.44285983	-0.440552365	-0.438227971
-0.4893485	-0.486662726	-0.483958619	-0.481245162	-0.478644156	-0.476159322	-0.473791271	-0.471447711	-0.469173866	-0.466905541	-0.464615174	-0.462319132	-0.460069459	-0.457868268	-0.45564627	-0.453416476	-0.451170843	-0.448915545	-0.446646276	-0.444367347	-0.442197657	-0.440035216	-0.437861472	-0.435673998	-0.433475566	-0.431261367	-0.429035755	-0.426807748	-0.424682326	-0.422522976	-0.42035257	-0.418131781	-0.415901054
-0.465019581	-0.462450592	-0.459866426	-0.45726841	-0.454753784	-0.452383698	-0.450108871	-0.44787588	-0.445698823	-0.443536561	-0.441351525	-0.43916075	-0.437005872	-0.434905019	-0.432778654	-0.430646479	-0.428494843	-0.426335193	-0.424158255	-0.421972711	-0.419892333	-0.417815298	-0.415724538	-0.413621519	-0.411505623	-0.409376126	-0.407233484	-0.405102858	-0.40305183	-0.400971492	-0.398875655	-0.396736328	-0.394580545
-0.441478398	-0.439056708	-0.436623793	-0.434172981	-0.431783621	-0.429555469	-0.427402212	-0.425307206	-0.423255495	-0.421226425	-0.419174935	-0.417113586	-0.415079352	-0.413099605	-0.411094483	-0.409082803	-0.407048257	-0.405007253	-0.402944579	-0.400874592	-0.398889496	-0.396915742	-0.394925219	-0.392923755	-0.39090764	-0.388879983	-0.386837925	-0.384800854	-0.38283988	-0.38085406	-0.378848387	-0.376805561	-0.374739701
-0.419002873	-0.416723516	-0.414437068	-0.412129781	-0.409863008	-0.407771182	-0.405734987	-0.403772246	-0.401841097	-0.399938663	-0.398015039	-0.396076194	-0.394156705	-0.392289141	-0.390397985	-0.38849649	-0.386572593	-0.384640276	-0.382683491	-0.380719469	-0.378819059	-0.376936541	-0.375033335	-0.373120072	-0.371190824	-0.369251661	-0.367297716	-0.365342926	-0.363459894	-0.36155623	-0.359628395	-0.357669268	-0.355680089
-0.397559796	-0.395415196	-0.393267342	-0.391097314	-0.38894811	-0.3869856	-0.385060376	-0.383222148	-0.381404676	-0.379619664	-0.377815456	-0.37598946	-0.374176615	-0.372411373	-0.370624775	-0.368823535	-0.367000533	-0.365165093	-0.363304465	-0.361432549	-0.359607471	-0.357802286	-0.355972683	-0.354132556	-0.352276099	-0.350410492	-0.348531227	-0.346646193	-0.344829	-0.342995002	-0.341132691	-0.339244573	-0.337318771
-0.377095406	-0.375081363	-0.373062459	-0.371022298	-0.368988795	-0.36714383	-0.36532316	-0.36360044	-0.361888651	-0.360209866	-0.358514534	-0.356789866	-0.355073815	-0.353400363	-0.351708052	-0.349996414	-0.348263859	-0.346513723	-0.344737722	-0.34294448	-0.341183378	-0.339439862	-0.337670843	-0.335887475	-0.334089833	-0.332282034	-0.330463902	-0.328637124	-0.326872491	-0.32509608	-0.32328758	-0.321458588	-0.319583557
-0.357557253	-0.355666563	-0.353764599	-0.351848679	-0.349931031	-0.348189654	-0.346467601	-0.344850369	-0.34323561	-0.341650319	-0.340051629	-0.338415736	-0.336785223	-0.335192871	-0.333584242	-0.331951355	-0.330298692	-0.328621951	-0.326919078	-0.325190922	-0.323482364	-0.321786297	-0.320063786	-0.318321967	-0.316568389	-0.314803401	-0.313032616	-0.311253513	-0.309527958	-0.307797779	-0.306032311	-0.30425169	-0.302416068
-0.33889376	-0.337118529	-0.335325634	-0.333525104	-0.331722244	-0.330071834	-0.328452835	-0.326919866	-0.32539305	-0.323886922	-0.322371112	-0.32081116	-0.319253935	-0.317732146	-0.316196596	-0.314631652	-0.313048528	-0.311433291	-0.309792552	-0.308116044	-0.306449272	-0.304787142	-0.303098131	-0.301384322	-0.299660466	-0.29792542	-0.296187885	-0.2944434	-0.292747222	-0.291050321	-0.289320577	-0.287577994	-0.28577259
-0.321061439	-0.319394181	-0.317703568	-0.316009783	-0.314314339	-0.312747724	-0.311225726	-0.309763934	-0.308315292	-0.306872267	-0.305421785	-0.303927705	-0.302431069	-0.300969558	-0.299496614	-0.297988824	-0.296465157	-0.294899697	-0.293310781	-0.291673049	-0.290038329	-0.28839798	-0.286731215	-0.285033971	-0.283327203	-0.28161109	-0.279893882	-0.278173195	-0.276496238	-0.274822755	-0.273120296	-0.271400795	-0.26962356
-0.304028057	-0.302461732	-0.300867192	-0.299271378	-0.297674942	-0.29618316	-0.294745613	-0.293343982	-0.291957371	-0.290565189	-0.289162814	-0.287724297	-0.286272566	-0.284864267	-0.283442612	-0.28198197	-0.280507817	-0.278980577	-0.277433795	-0.275822889	-0.274211635	-0.272582911	-0.270929443	-0.269240116	-0.267540514	-0.265834699	-0.264126875	-0.262420811	-0.26075372	-0.259095884	-0.257412332	-0.255708363	-0.253952419
-0.287769491	-0.286297559	-0.284792206	-0.283284806	-0.281776552	-0.280348386	-0.278978997	-0.277624866	-0.276283078	-0.274928988	-0.273561505	-0.272165454	-0.270749906	-0.269381272	-0.267997222	-0.26657576	-0.26513734	-0.263640747	-0.262126803	-0.260532083	-0.258936828	-0.257312209	-0.255665821	-0.253979075	-0.252280388	-0.25057908	-0.248872718	-0.247174152	-0.24550899	-0.243860341	-0.242188672	-0.240494248	-0.238754231
-0.27226385	-0.270878072	-0.269452892	-0.268023126	-0.26658907	-0.26521154	-0.263891317	-0.262571016	-0.261257685	-0.259928987	-0.258585125	-0.25721886	-0.25583266	-0.254488734	-0.253131206	-0.251737814	-0.250321367	-0.248848045	-0.247348743	-0.24577049	-0.244182057	-0.242560024	-0.240917513	-0.239231546	-0.237531831	-0.235832441	-0.234123681	-0.232428053	-0.230759333	-0.229115186	-0.227450282	-0.225761423	-0.224033867
-0.257479081	-0.256169128	-0.254812534	-0.253448694	-0.252072491	-0.250732497	-0.249442644	-0.248143118	-0.246844663	-0.245529851	-0.244200301	-0.24285219	-0.241485534	-0.240154858	-0.238812504	-0.237436144	-0.236030521	-0.234571311	-0.233076619	-0.231509697	-0.229917183	-0.228302776	-0.226661607	-0.2249804	-0.223282116	-0.221585268	-0.219874977	-0.218180881	-0.216506755	-0.214864798	-0.213204217	-0.211519464	-0.2098033
-0.243364772	-0.242116896	-0.240818225	-0.239507797	-0.238174076	-0.236860626	-0.235585718	-0.234296493	-0.233003033	-0.231692917	-0.23036986	-0.229029865	-0.227673249	-0.226345244	-0.225007023	-0.223637343	-0.222232358	-0.220779317	-0.219281859	-0.217722475	-0.216124211	-0.21451852	-0.212880623	-0.211209362	-0.209519921	-0.207827836	-0.206122947	-0.204430881	-0.202753997	-0.201114877	-0.1994596	-0.197780455	-0.196077413
-0.229854667	-0.228656315	-0.227402991	-0.22613244	-0.22483082	-0.223536202	-0.222266042	-0.220980601	-0.219685488	-0.218373867	-0.217050653	-0.215710859	-0.214355556	-0.21302147	-0.211677708	-0.210306083	-0.208893753	-0.207441025	-0.205936841	-0.204383332	-0.202781256	-0.201187157	-0.199558119	-0.197902602	-0.196228624	-0.194548817	-0.192858693	-0.19117316	-0.189501861	-0.187868066	-0.186222598	-0.18455378	-0.182868433
-0.216871553	-0.215711218	-0.214492687	-0.213250789	-0.211974323	-0.210691583	-0.209423362	-0.208138345	-0.206838184	-0.205522235	-0.204193396	-0.202848649	-0.201487673	-0.200141774	-0.198785594	-0.197406442	-0.195982466	-0.194527244	-0.193016642	-0.191469881	-0.189869976	-0.188291139	-0.186678071	-0.185045052	-0.183393859	-0.181735175	-0.180067481	-0.178398322	-0.176741275	-0.175120727	-0.173491473	-0.171841365	-0.170178236
-0.204336666	-0.20320453	-0.202013296	-0.200791422	-0.199535828	-0.198260929	-0.196994861	-0.195708434	-0.1944036	-0.193082481	-0.191745763	-0.190393903	-0.189023557	-0.187663683	-0.186293113	-0.184905081	-0.183469971	-0.182013211	-0.180500783	-0.178964307	-0.177376529	-0.175816107	-0.174226705	-0.17262314	-0.171001944	-0.169373175	-0.167735594	-0.166093241	-0.164459301	-0.16286234	-0.16125805	-0.159635739	-0.158001221
-0.192178577	-0.191066755	-0.189897036	-0.188688985	-0.187451511	-0.186182611	-0.184920862	-0.183633624	-0.182326917	-0.181001683	-0.1796589	-0.178300491	-0.176921991	-0.175549097	-0.174168865	-0.172772696	-0.171334541	-0.169881019	-0.16837464	-0.166854275	-0.165286867	-0.163751402	-0.162193101	-0.160625561	-0.159040935	-0.157449902	-0.155849423	-0.154243335	-0.152640905	-0.151077779	-0.149507208	-0.147921957	-0.146324693
-0.180337101	-0.179240218	-0.178088415	-0.176890467	-0.175669638	-0.174406494	-0.173152964	-0.171867875	-0.170564485	-0.169238799	-0.167895356	-0.166534375	-0.165153378	-0.163773681	-0.16239208	-0.160994249	-0.159563294	-0.158116186	-0.156629992	-0.155131427	-0.153594126	-0.152090153	-0.150569637	-0.149043972	-0.1475016	-0.145954764	-0.144397381	-0.142835281	-0.141271536	-0.13975114	-0.138222179	-0.136682191	-0.135129715
-0.168769552	-0.167684944	-0.166550299	-0.165361442	-0.164157397	-0.162901396	-0.161661585	-0.160383853	-0.159090925	-0.157770948	-0.15643499	-0.155078418	-0.153703844	-0.152326452	-0.150954611	-0.149565913	-0.148152389	-0.146722415	-0.145264647	-0.143793798	-0.142295694	-0.140827234	-0.139352275	-0.137873333	-0.136378177	-0.134880677	-0.133371334	-0.131859147	-0.13033987	-0.12886933	-0.127388598	-0.125900524	-0.124399013
-0.157455935	-0.15638392	-0.155265354	-0.154089596	-0.152904396	-0.151659299	-0.150439035	-0.149175535	-0.147901294	-0.146594922	-0.145275951	-0.143932663	-0.142574873	-0.141210026	-0.139859665	-0.138491488	-0.137105596	-0.135703114	-0.134281503	-0.132846656	-0.131392913	-0.129965159	-0.128540723	-0.127111077	-0.125668899	-0.124224145	-0.122767614	-0.121309806	-0.119839767	-0.118424368	-0.116997267	-0.115566312	-0.114120746
-0.146397435	-0.145340847	-0.14423949	-0.143083058	-0.141914398	-0.140692604	-0.139495582	-0.138255007	-0.137007666	-0.135723371	-0.13443081	-0.133110165	-0.131779301	-0.130436891	-0.129118637	-0.127781373	-0.126432219	-0.125066259	-0.123687611	-0.122295662	-0.12089086	-0.119508823	-0.118138594	-0.116762164	-0.11537628	-0.113986752	-0.112587419	-0.111186191	-0.109773865	-0.108414097	-0.107045456	-0.105675766	-0.104290259
-0.135612442	-0.134575464	-0.133495729	-0.132364287	-0.131216166	-0.130024139	-0.128851664	-0.127645766	-0.126430093	-0.12517856	-0.123920778	-0.12263147	-0.12133638	-0.120025058	-0.118747777	-0.117450183	-0.116145368	-0.114823357	-0.113493448	-0.112150075	-0.110798258	-0.109466064	-0.10815348	-0.106833801	-0.105507257	-0.104175993	-0.102836993	-0.101495009	-0.100143928	-9.88E-02	-9.75E-02	-9.62E-02	-9.49E-02
-0.125129794	-0.124117182	-0.123063952	-0.12196291	-0.120840891	-0.119683864	-0.118541324	-0.117376241	-0.116196639	-0.114986837	-0.113767255	-0.112520334	-0.111267332	-0.109995199	-0.108766003	-0.107515214	-0.106260943	-0.104988934	-0.103712657	-0.102422593	-0.101127399	-9.98E-02	-9.86E-02	-9.73E-02	-9.61E-02	-9.48E-02	-9.35E-02	-9.22E-02	-9.10E-02	-8.97E-02	-8.85E-02	-8.72E-02	-8.60E-02
-0.114981163	-0.113997701	-0.112975819	-0.111910372	-0.11081984	-0.109702574	-0.108594819	-0.107475698	-0.106337787	-0.105175432	-0.103999685	-0.102801511	-0.101594349	-0.100369295	-9.92E-02	-9.80E-02	-9.68E-02	-9.56E-02	-9.44E-02	-9.31E-02	-9.19E-02	-9.07E-02	-8.95E-02	-8.83E-02	-8.71E-02	-8.59E-02	-8.47E-02	-8.35E-02	-8.22E-02	-8.11E-02	-7.99E-02	-7.87E-02	-7.75E-02
-0.105198199	-0.104248296	-0.103262211	-0.102237304	-0.101183285	-0.100110026	-9.90E-02	-9.80E-02	-9.69E-02	-9.58E-02	-9.46E-02	-9.35E-02	-9.23E-02	-9.12E-02	-9.00E-02	-8.89E-02	-8.78E-02	-8.66E-02	-8.55E-02	-8.43E-02	-8.31E-02	-8.20E-02	-8.08E-02	-7.97E-02	-7.86E-02	-7.74E-02	-7.63E-02	-7.52E-02	-7.40E-02	-7.29E-02	-7.18E-02	-7.07E-02	-6.96E-02
-9.58E-02	-9.49E-02	-9.40E-02	-9.30E-02	-9.20E-02	-9.09E-02	-8.99E-02	-8.89E-02	-8.79E-02	-8.68E-02	-8.57E-02	-8.46E-02	-8.35E-02	-8.24E-02	-8.14E-02	-8.03E-02	-7.92E-02	-7.81E-02	-7.70E-02	-7.59E-02	-7.48E-02	-7.37E-02	-7.27E-02	-7.16E-02	-7.06E-02	-6.95E-02	-6.84E-02	-6.73E-02	-6.63E-02	-6.52E-02	-6.42E-02	-6.32E-02	-6.22E-02
-8.68E-02	-8.60E-02	-8.51E-02	-8.41E-02	-8.32E-02	-8.22E-02	-8.12E-02	-8.03E-02	-7.93E-02	-7.83E-02	-7.73E-02	-7.63E-02	-7.52E-02	-7.42E-02	-7.32E-02	-7.22E-02	-7.11E-02	-7.01E-02	-6.91E-02	-6.81E-02	-6.70E-02	-6.60E-02	-6.50E-02	-6.40E-02	-6.30E-02	-6.20E-02	-6.11E-02	-6.01E-02	-5.91E-02	-5.81E-02	-5.71E-02	-5.62E-02	-5.53E-02
-7.83E-02	-7.75E-02	-7.67E-02	-7.58E-02	-7.49E-02	-7.39E-02	-7.30E-02	-7.21E-02	-7.12E-02	-7.03E-02	-6.93E-02	-6.84E-02	-6.74E-02	-6.64E-02	-6.55E-02	-6.45E-02	-6.36E-02	-6.26E-02	-6.17E-02	-6.07E-02	-5.97E-02	-5.88E-02	-5.79E-02	-5.70E-02	-5.61E-02	-5.51E-02	-5.42E-02	-5.33E-02	-5.24E-02	-5.15E-02	-5.06E-02	-4.98E-02	-4.89E-02
-7.03E-02	-6.95E-02	-6.87E-02	-6.79E-02	-6.70E-02	-6.62E-02	-6.53E-02	-6.45E-02	-6.36E-02	-6.28E-02	-6.19E-02	-6.10E-02	-6.01E-02	-5.92E-02	-5.83E-02	-5.74E-02	-5.66E-02	-5.57E-02	-5.48E-02	-5.39E-02	-5.30E-02	-5.21E-02	-5.13E-02	-5.05E-02	-4.96E-02	-4.88E-02	-4.80E-02	-4.71E-02	-4.63E-02	-4.54E-02	-4.47E-02	-4.39E-02	-4.31E-02
-6.28E-02	-6.21E-02	-6.13E-02	-6.05E-02	-5.98E-02	-5.89E-02	-5.81E-02	-5.74E-02	-5.66E-02	-5.58E-02	-5.50E-02	-5.41E-02	-5.33E-02	-5.25E-02	-5.17E-02	-5.09E-02	-5.01E-02	-4.93E-02	-4.85E-02	-4.77E-02	-4.68E-02	-4.60E-02	-4.53E-02	-4.45E-02	-4.38E-02	-4.30E-02	-4.22E-02	-4.15E-02	-4.07E-02	-4.00E-02	-3.93E-02	-3.85E-02	-3.78E-02
-5.58E-02	-5.51E-02	-5.44E-02	-5.37E-02	-5.30E-02	-5.23E-02	-5.15E-02	-5.08E-02	-5.01E-02	-4.94E-02	-4.86E-02	-4.79E-02	-4.71E-02	-4.63E-02	-4.56E-02	-4.49E-02	-4.42E-02	-4.34E-02	-4.27E-02	-4.20E-02	-4.12E-02	-4.05E-02	-3.98E-02	-3.91E-02	-3.84E-02	-3.78E-02	-3.71E-02	-3.64E-02	-3.57E-02	-3.50E-02	-3.44E-02	-3.38E-02	-3.31E-02
-4.93E-02	-4.87E-02	-4.81E-02	-4.75E-02	-4.68E-02	-4.61E-02	-4.54E-02	-4.48E-02	-4.41E-02	-4.35E-02	-4.28E-02	-4.21E-02	-4.14E-02	-4.07E-02	-4.01E-02	-3.94E-02	-3.88E-02	-3.81E-02	-3.75E-02	-3.68E-02	-3.62E-02	-3.55E-02	-3.49E-02	-3.43E-02	-3.37E-02	-3.31E-02	-3.24E-02	-3.18E-02	-3.12E-02	-3.06E-02	-3.00E-02	-2.95E-02	-2.89E-02
-4.34E-02	-4.29E-02	-4.23E-02	-4.18E-02	-4.12E-02	-4.05E-02	-3.99E-02	-3.93E-02	-3.88E-02	-3.82E-02	-3.76E-02	-3.70E-02	-3.63E-02	-3.57E-02	-3.51E-02	-3.45E-02	-3.40E-02	-3.34E-02	-3.28E-02	-3.22E-02	-3.16E-02	-3.10E-02	-3.05E-02	-3.00E-02	-2.94E-02	-2.89E-02	-2.83E-02	-2.78E-02	-2.72E-02	-2.67E-02	-2.62E-02	-2.57E-02	-2.52E-02
-3.81E-02	-3.76E-02	-3.71E-02	-3.66E-02	-3.61E-02	-3.55E-02	-3.50E-02	-3.44E-02	-3.39E-02	-3.34E-02	-3.29E-02	-3.23E-02	-3.18E-02	-3.12E-02	-3.07E-02	-3.02E-02	-2.97E-02	-2.92E-02	-2.86E-02	-2.81E-02	-2.76E-02	-2.71E-02	-2.66E-02	-2.61E-02	-2.56E-02	-2.52E-02	-2.47E-02	-2.42E-02	-2.37E-02	-2.32E-02	-2.28E-02	-2.24E-02	-2.19E-02
-3.33E-02	-3.29E-02	-3.24E-02	-3.20E-02	-3.15E-02	-3.10E-02	-3.05E-02	-3.01E-02	-2.96E-02	-2.92E-02	-2.87E-02	-2.82E-02	-2.77E-02	-2.72E-02	-2.68E-02	-2.63E-02	-2.59E-02	-2.54E-02	-2.50E-02	-2.45E-02	-2.40E-02	-2.36E-02	-2.32E-02	-2.27E-02	-2.23E-02	-2.19E-02	-2.15E-02	-2.11E-02	-2.06E-02	-2.02E-02	-1.98E-02	-1.94E-02	-1.91E-02
-2.91E-02	-2.87E-02	-2.83E-02	-2.79E-02	-2.75E-02	-2.70E-02	-2.66E-02	-2.62E-02	-2.58E-02	-2.54E-02	-2.50E-02	-2.46E-02	-2.42E-02	-2.37E-02	-2.33E-02	-2.29E-02	-2.25E-02	-2.21E-02	-2.17E-02	-2.13E-02	-2.09E-02	-2.05E-02	-2.01E-02	-1.98E-02	-1.94E-02	-1.90E-02	-1.87E-02	-1.83E-02	-1.79E-02	-1.76E-02	-1.72E-02	-1.69E-02	-1.66E-02
-2.53E-02	-2.50E-02	-2.46E-02	-2.43E-02	-2.39E-02	-2.35E-02	-2.31E-02	-2.28E-02	-2.25E-02	-2.21E-02	-2.17E-02	-2.14E-02	-2.10E-02	-2.06E-02	-2.03E-02	-1.99E-02	-1.96E-02	-1.92E-02	-1.89E-02	-1.85E-02	-1.82E-02	-1.78E-02	-1.75E-02	-1.72E-02	-1.69E-02	-1.65E-02	-1.62E-02	-1.59E-02	-1.56E-02	-1.52E-02	-1.49E-02	-1.47E-02	-1.44E-02
-2.20E-02	-2.17E-02	-2.14E-02	-2.11E-02	-2.08E-02	-2.04E-02	-2.01E-02	-1.98E-02	-1.95E-02	-1.92E-02	-1.89E-02	-1.86E-02	-1.83E-02	-1.79E-02	-1.76E-02	-1.73E-02	-1.70E-02	-1.67E-02	-1.64E-02	-1.61E-02	-1.58E-02	-1.55E-02	-1.52E-02	-1.49E-02	-1.46E-02	-1.44E-02	-1.41E-02	-1.38E-02	-1.35E-02	-1.32E-02	-1.30E-02	-1.27E-02	-1.25E-02
-1.90E-02	-1.88E-02	-1.86E-02	-1.83E-02	-1.80E-02	-1.77E-02	-1.75E-02	-1.72E-02	-1.69E-02	-1.67E-02	-1.64E-02	-1.61E-02	-1.58E-02	-1.56E-02	-1.53E-02	-1.50E-02	-1.48E-02	-1.45E-02	-1.42E-02	-1.40E-02	-1.37E-02	-1.34E-02	-1.32E-02	-1.29E-02	-1.27E-02	-1.25E-02	-1.22E-02	-1.20E-02	-1.17E-02	-1.15E-02	-1.12E-02	-1.10E-02	-1.08E-02
-1.65E-02	-1.63E-02	-1.61E-02	-1.59E-02	-1.56E-02	-1.54E-02	-1.51E-02	-1.49E-02	-1.47E-02	-1.45E-02	-1.42E-02	-1.40E-02	-1.37E-02	-1.35E-02	-1.32E-02	-1.30E-02	-1.28E-02	-1.26E-02	-1.24E-02	-1.21E-02	-1.19E-02	-1.17E-02	-1.14E-02	-1.12E-02	-1.10E-02	-1.08E-02	-1.06E-02	-1.04E-02	-1.02E-02	-9.94E-03	-9.74E-03	-9.55E-03	-9.36E-03
-1.43E-02	-1.41E-02	-1.39E-02	-1.37E-02	-1.35E-02	-1.33E-02	-1.31E-02	-1.29E-02	-1.27E-02	-1.25E-02	-1.23E-02	-1.21E-02	-1.19E-02	-1.17E-02	-1.15E-02	-1.13E-02	-1.11E-02	-1.09E-02	-1.07E-02	-1.05E-02	-1.03E-02	-1.01E-02	-9.91E-03	-9.73E-03	-9.54E-03	-9.36E-03	-9.18E-03	-8.99E-03	-8.80E-03	-8.61E-03	-8.44E-03	-8.27E-03	-8.10E-03
-1.24E-02	-1.22E-02	-1.21E-02	-1.19E-02	-1.17E-02	-1.16E-02	-1.14E-02	-1.12E-02	-1.10E-02	-1.09E-02	-1.07E-02	-1.05E-02	-1.03E-02	-1.01E-02	-9.96E-03	-9.79E-03	-9.62E-03	-9.45E-03	-9.28E-03	-9.11E-03	-8.93E-03	-8.76E-03	-8.58E-03	-8.43E-03	-8.27E-03	-8.11E-03	-7.95E-03	-7.79E-03	-7.62E-03	-7.46E-03	-7.31E-03	-7.16E-03	-7.02E-03
-1.07E-02	-1.06E-02	-1.04E-02	-1.03E-02	-1.02E-02	-1.00E-02	-9.84E-03	-9.70E-03	-9.55E-03	-9.41E-03	-9.26E-03	-9.11E-03	-8.95E-03	-8.79E-03	-8.63E-03	-8.48E-03	-8.34E-03	-8.19E-03	-8.04E-03	-7.89E-03	-7.74E-03	-7.59E-03	-7.43E-03	-7.30E-03	-7.16E-03	-7.02E-03	-6.88E-03	-6.74E-03	-6.60E-03	-6.46E-03	-6.32E-03	-6.20E-03	-6.07E-03
-9.27E-03	-9.16E-03	-9.04E-03	-8.92E-03	-8.79E-03	-8.66E-03	-8.52E-03	-8.39E-03	-8.27E-03	-8.15E-03	-8.02E-03	-7.89E-03	-7.75E-03	-7.61E-03	-7.47E-03	-7.34E-03	-7.22E-03	-7.09E-03	-6.96E-03	-6.83E-03	-6.70E-03	-6.57E-03	-6.43E-03	-6.32E-03	-6.20E-03	-6.08E-03	-5.96E-03	-5.83E-03	-5.71E-03	-5.59E-03	-5.47E-03	-5.36E-03	-5.25E-03
-8.01E-03	-7.92E-03	-7.82E-03	-7.72E-03	-7.61E-03	-7.49E-03	-7.38E-03	-7.26E-03	-7.16E-03	-7.05E-03	-6.94E-03	-6.83E-03	-6.71E-03	-6.59E-03	-6.47E-03	-6.36E-03	-6.25E-03	-6.14E-03	-6.03E-03	-5.91E-03	-5.80E-03	-5.68E-03	-5.57E-03	-5.46E-03	-5.36E-03	-5.26E-03	-5.15E-03	-5.04E-03	-4.94E-03	-4.83E-03	-4.73E-03	-4.63E-03	-4.54E-03
-6.93E-03	-6.85E-03	-6.76E-03	-6.67E-03	-6.58E-03	-6.48E-03	-6.38E-03	-6.28E-03	-6.19E-03	-6.10E-03	-6.00E-03	-5.91E-03	-5.80E-03	-5.70E-03	-5.60E-03	-5.50E-03	-5.40E-03	-5.31E-03	-5.21E-03	-5.12E-03	-5.02E-03	-4.92E-03	-4.81E-03	-4.72E-03	-4.63E-03	-4.54E-03	-4.45E-03	-4.36E-03	-4.27E-03	-4.17E-03	-4.08E-03	-4.00E-03	-3.92E-03
-5.99E-03	-5.92E-03	-5.85E-03	-5.77E-03	-5.69E-03	-5.60E-03	-5.52E-03	-5.43E-03	-5.35E-03	-5.27E-03	-5.19E-03	-5.11E-03	-5.02E-03	-4.93E-03	-4.84E-03	-4.75E-03	-4.67E-03	-4.59E-03	-4.51E-03	-4.42E-03	-4.34E-03	-4.25E-03	-4.16E-03	-4.08E-03	-4.00E-03	-3.92E-03	-3.85E-03	-3.77E-03	-3.69E-03	-3.60E-03	-3.53E-03	-3.45E-03	-3.38E-03
-5.18E-03	-5.12E-03	-5.05E-03	-4.99E-03	-4.92E-03	-4.84E-03	-4.77E-03	-4.69E-03	-4.63E-03	-4.56E-03	-4.49E-03	-4.41E-03	-4.34E-03	-4.26E-03	-4.18E-03	-4.11E-03	-4.04E-03	-3.97E-03	-3.89E-03	-3.82E-03	-3.75E-03	-3.67E-03	-3.59E-03	-3.52E-03	-3.46E-03	-3.39E-03	-3.32E-03	-3.25E-03	-3.18E-03	-3.11E-03	-3.04E-03	-2.98E-03	-2.92E-03
-4.48E-03	-4.42E-03	-4.37E-03	-4.31E-03	-4.25E-03	-4.19E-03	-4.12E-03	-4.06E-03	-4.00E-03	-3.94E-03	-3.88E-03	-3.81E-03	-3.75E-03	-3.68E-03	-3.61E-03	-3.55E-03	-3.49E-03	-3.43E-03	-3.36E-03	-3.30E-03	-3.23E-03	-3.17E-03	-3.10E-03	-3.04E-03	-2.98E-03	-2.92E-03	-2.86E-03	-2.80E-03	-2.74E-03	-2.68E-03	-2.62E-03	-2.57E-03	-2.52E-03
-3.87E-03	-3.82E-03	-3.77E-03	-3.72E-03	-3.67E-03	-3.62E-03	-3.56E-03	-3.50E-03	-3.45E-03	-3.40E-03	-3.35E-03	-3.29E-03	-3.24E-03	-3.18E-03	-3.12E-03	-3.06E-03	-3.01E-03	-2.96E-03	-2.90E-03	-2.85E-03	-2.79E-03	-2.73E-03	-2.68E-03	-2.62E-03	-2.57E-03	-2.52E-03	-2.47E-03	-2.42E-03	-2.37E-03	-2.31E-03	-2.26E-03	-2.22E-03	-2.17E-03
-3.34E-03	-3.30E-03	-3.26E-03	-3.22E-03	-3.17E-03	-3.13E-03	-3.08E-03	-3.03E-03	-2.98E-03	-2.94E-03	-2.89E-03	-2.84E-03	-2.80E-03	-2.75E-03	-2.70E-03	-2.64E-03	-2.60E-03	-2.55E-03	-2.51E-03	-2.46E-03	-2.41E-03	-2.36E-03	-2.31E-03	-2.26E-03	-2.22E-03	-2.18E-03	-2.13E-03	-2.09E-03	-2.04E-03	-2.00E-03	-1.95E-03	-1.91E-03	-1.87E-03
-2.89E-03	-2.86E-03	-2.82E-03	-2.78E-03	-2.74E-03	-2.70E-03	-2.66E-03	-2.61E-03	-2.58E-03	-2.54E-03	-2.50E-03	-2.46E-03	-2.41E-03	-2.37E-03	-2.33E-03	-2.28E-03	-2.24E-03	-2.20E-03	-2.16E-03	-2.12E-03	-2.08E-03	-2.04E-03	-1.99E-03	-1.95E-03	-1.91E-03	-1.88E-03	-1.84E-03	-1.80E-03	-1.76E-03	-1.72E-03	-1.68E-03	-1.65E-03	-1.61E-03
-2.50E-03	-2.47E-03	-2.44E-03	-2.40E-03	-2.37E-03	-2.33E-03	-2.30E-03	-2.26E-03	-2.22E-03	-2.19E-03	-2.16E-03	-2.12E-03	-2.08E-03	-2.05E-03	-2.01E-03	-1.97E-03	-1.94E-03	-1.90E-03	-1.87E-03	-1.83E-03	-1.79E-03	-1.76E-03	-1.72E-03	-1.68E-03	-1.65E-03	-1.62E-03	-1.58E-03	-1.55E-03	-1.52E-03	-1.48E-03	-1.45E-03	-1.42E-03	-1.39E-03
-2.16E-03	-2.14E-03	-2.11E-03	-2.08E-03	-2.05E-03	-2.02E-03	-1.98E-03	-1.95E-03	-1.92E-03	-1.89E-03	-1.86E-03	-1.83E-03	-1.80E-03	-1.77E-03	-1.73E-03	-1.70E-03	-1.67E-03	-1.64E-03	-1.61E-03	-1.58E-03	-1.55E-03	-1.52E-03	-1.48E-03	-1.45E-03	-1.42E-03	-1.40E-03	-1.37E-03	-1.34E-03	-1.31E-03	-1.28E-03	-1.25E-03	-1.23E-03	-1.20E-03
-1.88E-03	-1.85E-03	-1.83E-03	-1.80E-03	-1.77E-03	-1.75E-03	-1.72E-03	-1.69E-03	-1.66E-03	-1.64E-03	-1.61E-03	-1.58E-03	-1.56E-03	-1.53E-03	-1.50E-03	-1.47E-03	-1.44E-03	-1.42E-03	-1.39E-03	-1.36E-03	-1.34E-03	-1.31E-03	-1.28E-03	-1.26E-03	-1.23E-03	-1.21E-03	-1.18E-03	-1.16E-03	-1.13E-03	-1.11E-03	-1.08E-03	-1.06E-03	-1.04E-03
-1.63E-03	-1.61E-03	-1.58E-03	-1.56E-03	-1.54E-03	-1.51E-03	-1.49E-03	-1.46E-03	-1.44E-03	-1.42E-03	-1.39E-03	-1.37E-03	-1.35E-03	-1.32E-03	-1.30E-03	-1.27E-03	-1.25E-03	-1.23E-03	-1.20E-03	-1.18E-03	-1.16E-03	-1.13E-03	-1.11E-03	-1.09E-03	-1.07E-03	-1.04E-03	-1.02E-03	-1.00E-03	-9.82E-04	-9.60E-04	-9.39E-04	-9.20E-04	-9.02E-04
-1.42E-03	-1.40E-03	-1.38E-03	-1.36E-03	-1.33E-03	-1.31E-03	-1.29E-03	-1.27E-03	-1.25E-03	-1.23E-03	-1.21E-03	-1.19E-03	-1.17E-03	-1.15E-03	-1.13E-03	-1.10E-03	-1.08E-03	-1.06E-03	-1.04E-03	-1.02E-03	-1.00E-03	-9.84E-04	-9.63E-04	-9.43E-04	-9.25E-04	-9.07E-04	-8.89E-04	-8.71E-04	-8.53E-04	-8.36E-04	-8.18E-04	-8.01E-04	-7.86E-04
-1.24E-03	-1.22E-03	-1.20E-03	-1.18E-03	-1.16E-03	-1.14E-03	-1.12E-03	-1.10E-03	-1.09E-03	-1.07E-03	-1.05E-03	-1.03E-03	-1.02E-03	-9.98E-04	-9.79E-04	-9.60E-04	-9.43E-04	-9.26E-04	-9.09E-04	-8.92E-04	-8.74E-04	-8.56E-04	-8.39E-04	-8.21E-04	-8.06E-04	-7.91E-04	-7.76E-04	-7.61E-04	-7.45E-04	-7.30E-04	-7.15E-04	-7.01E-04	-6.89E-04
-1.08E-03	-1.07E-03	-1.05E-03	-1.03E-03	-1.02E-03	-9.99E-04	-9.82E-04	-9.65E-04	-9.48E-04	-9.33E-04	-9.18E-04	-9.03E-04	-8.87E-04	-8.71E-04	-8.55E-04	-8.38E-04	-8.23E-04	-8.09E-04	-7.94E-04	-7.79E-04	-7.64E-04	-7.49E-04	-7.34E-04	-7.19E-04	-7.06E-04	-6.93E-04	-6.81E-04	-6.68E-04	-6.55E-04	-6.42E-04	-6.30E-04	-6.18E-04	-6.08E-04
-9.54E-04	-9.39E-04	-9.23E-04	-9.08E-04	-8.93E-04	-8.77E-04	-8.62E-04	-8.47E-04	-8.32E-04	-8.19E-04	-8.06E-04	-7.92E-04	-7.79E-04	-7.65E-04	-7.51E-04	-7.36E-04	-7.23E-04	-7.11E-04	-6.98E-04	-6.86E-04	-6.73E-04	-6.60E-04	-6.47E-04	-6.34E-04	-6.23E-04	-6.12E-04	-6.01E-04	-5.91E-04	-5.80E-04	-5.70E-04	-5.59E-04	-5.49E-04	-5.41E-04
-8.46E-04	-8.31E-04	-8.17E-04	-8.03E-04	-7.89E-04	-7.75E-04	-7.61E-04	-7.48E-04	-7.35E-04	-7.23E-04	-7.12E-04	-7.00E-04	-6.88E-04	-6.76E-04	-6.64E-04	-6.51E-04	-6.40E-04	-6.29E-04	-6.18E-04	-6.08E-04	-5.97E-04	-5.86E-04	-5.75E-04	-5.64E-04	-5.54E-04	-5.45E-04	-5.36E-04	-5.27E-04	-5.19E-04	-5.10E-04	-5.01E-04	-4.93E-04	-4.87E-04
-7.55E-04	-7.41E-04	-7.28E-04	-7.15E-04	-7.02E-04	-6.90E-04	-6.78E-04	-6.66E-04	-6.54E-04	-6.44E-04	-6.33E-04	-6.23E-04	-6.13E-04	-6.02E-04	-5.92E-04	-5.81E-04	-5.71E-04	-5.62E-04	-5.53E-04	-5.43E-04	-5.34E-04	-5.25E-04	-5.16E-04	-5.06E-04	-4.99E-04	-4.91E-04	-4.84E-04	-4.76E-04	-4.69E-04	-4.62E-04	-4.55E-04	-4.48E-04	-4.43E-04
-6.80E-04	-6.67E-04	-6.54E-04	-6.43E-04	-6.31E-04	-6.20E-04	-6.09E-04	-5.98E-04	-5.87E-04	-5.78E-04	-5.69E-04	-5.60E-04	-5.51E-04	-5.42E-04	-5.33E-04	-5.24E-04	-5.15E-04	-5.07E-04	-4.99E-04	-4.92E-04	-4.84E-04	-4.76E-04	-4.68E-04	-4.60E-04	-4.54E-04	-4.47E-04	-4.41E-04	-4.35E-04	-4.30E-04	-4.24E-04	-4.18E-04	-4.13E-04	-4.09E-04
-6.18E-04	-6.06E-04	-5.94E-04	-5.83E-04	-5.73E-04	-5.63E-04	-5.53E-04	-5.43E-04	-5.33E-04	-5.25E-04	-5.17E-04	-5.09E-04	-5.01E-04	-4.94E-04	-4.86E-04	-4.78E-04	-4.70E-04	-4.64E-04	-4.57E-04	-4.50E-04	-4.44E-04	-4.37E-04	-4.31E-04	-4.24E-04	-4.19E-04	-4.14E-04	-4.09E-04	-4.04E-04	-3.99E-04	-3.95E-04	-3.91E-04	-3.87E-04	-3.84E-04
-5.68E-04	-5.57E-04	-5.46E-04	-5.36E-04	-5.26E-04	-5.17E-04	-5.08E-04	-4.99E-04	-4.90E-04	-4.83E-04	-4.76E-04	-4.69E-04	-4.62E-04	-4.55E-04	-4.48E-04	-4.42E-04	-4.35E-04	-4.29E-04	-4.24E-04	-4.18E-04	-4.13E-04	-4.07E-04	-4.02E-04	-3.96E-04	-3.92E-04	-3.88E-04	-3.84E-04	-3.80E-04	-3.77E-04	-3.73E-04	-3.70E-04	-3.67E-04	-3.65E-04
-5.29E-04	-5.18E-04	-5.08E-04	-4.98E-04	-4.89E-04	-4.81E-04	-4.72E-04	-4.64E-04	-4.57E-04	-4.50E-04	-4.44E-04	-4.38E-04	-4.32E-04	-4.26E-04	-4.20E-04	-4.14E-04	-4.09E-04	-4.04E-04	-3.99E-04	-3.94E-04	-3.90E-04	-3.85E-04	-3.81E-04	-3.76E-04	-3.73E-04	-3.70E-04	-3.67E-04	-3.64E-04	-3.61E-04	-3.59E-04	-3.57E-04	-3.54E-04	-3.53E-04
-4.99E-04	-4.88E-04	-4.79E-04	-4.70E-04	-4.61E-04	-4.53E-04	-4.46E-04	-4.39E-04	-4.32E-04	-4.26E-04	-4.20E-04	-4.15E-04	-4.09E-04	-4.04E-04	-3.99E-04	-3.94E-04	-3.89E-04	-3.85E-04	-3.81E-04	-3.77E-04	-3.74E-04	-3.70E-04	-3.66E-04	-3.63E-04	-3.60E-04	-3.58E-04	-3.56E-04	-3.54E-04	-3.52E-04	-3.50E-04	-3.49E-04	-3.47E-04	-3.47E-04
-4.76E-04	-4.66E-04	-4.57E-04	-4.49E-04	-4.41E-04	-4.33E-04	-4.26E-04	-4.20E-04	-4.14E-04	-4.08E-04	-4.03E-04	-3.98E-04	-3.94E-04	-3.89E-04	-3.85E-04	-3.81E-04	-3.77E-04	-3.73E-04	-3.70E-04	-3.67E-04	-3.64E-04	-3.61E-04	-3.58E-04	-3.55E-04	-3.53E-04	-3.51E-04	-3.50E-04	-3.48E-04	-3.47E-04	-3.46E-04	-3.46E-04	-3.45E-04	-3.45E-04
-4.60E-04	-4.51E-04	-4.42E-04	-4.34E-04	-4.27E-04	-4.20E-04	-4.14E-04	-4.08E-04	-4.02E-04	-3.97E-04	-3.93E-04	-3.88E-04	-3.84E-04	-3.80E-04	-3.77E-04	-3.73E-04	-3.69E-04	-3.67E-04	-3.64E-04	-3.61E-04	-3.59E-04	-3.57E-04	-3.54E-04	-3.52E-04	-3.51E-04	-3.50E-04	-3.49E-04	-3.48E-04	-3.47E-04	-3.47E-04	-3.47E-04	-3.47E-04	-3.48E-04
-4.50E-04	-4.41E-04	-4.33E-04	-4.26E-04	-4.19E-04	-4.12E-04	-4.06E-04	-4.01E-04	-3.96E-04	-3.91E-04	-3.87E-04	-3.83E-04	-3.80E-04	-3.77E-04	-3.73E-04	-3.70E-04	-3.67E-04	-3.65E-04	-3.63E-04	-3.61E-04	-3.59E-04	-3.57E-04	-3.55E-04	-3.54E-04	-3.53E-04	-3.52E-04	-3.52E-04	-3.52E-04	-3.52E-04	-3.52E-04	-3.52E-04	-3.53E-04	-3.54E-04
-4.46E-04	-4.37E-04	-4.29E-04	-4.22E-04	-4.15E-04	-4.09E-04	-4.04E-04	-3.99E-04	-3.94E-04	-3.90E-04	-3.87E-04	-3.83E-04	-3.80E-04	-3.77E-04	-3.74E-04	-3.72E-04	-3.69E-04	-3.67E-04	-3.66E-04	-3.64E-04	-3.63E-04	-3.61E-04	-3.60E-04	-3.59E-04	-3.59E-04	-3.58E-04	-3.58E-04	-3.59E-04	-3.59E-04	-3.60E-04	-3.60E-04	-3.62E-04	-3.63E-04
-4.45E-04	-4.37E-04	-4.30E-04	-4.23E-04	-4.17E-04	-4.11E-04	-4.06E-04	-4.01E-04	-3.97E-04	-3.93E-04	-3.90E-04	-3.87E-04	-3.84E-04	-3.81E-04	-3.79E-04	-3.77E-04	-3.75E-04	-3.73E-04	-3.72E-04	-3.71E-04	-3.70E-04	-3.69E-04	-3.68E-04	-3.68E-04	-3.68E-04	-3.68E-04	-3.68E-04	-3.69E-04	-3.69E-04	-3.71E-04	-3.72E-04	-3.73E-04	-3.75E-04
-4.49E-04	-4.41E-04	-4.34E-04	-4.27E-04	-4.21E-04	-4.16E-04	-4.11E-04	-4.07E-04	-4.03E-04	-3.99E-04	-3.97E-04	-3.94E-04	-3.91E-04	-3.89E-04	-3.87E-04	-3.85E-04	-3.84E-04	-3.83E-04	-3.82E-04	-3.81E-04	-3.80E-04	-3.80E-04	-3.79E-04	-3.79E-04	-3.79E-04	-3.80E-04	-3.80E-04	-3.81E-04	-3.82E-04	-3.84E-04	-3.85E-04	-3.87E-04	-3.89E-04
-4.56E-04	-4.48E-04	-4.41E-04	-4.35E-04	-4.29E-04	-4.24E-04	-4.20E-04	-4.16E-04	-4.12E-04	-4.09E-04	-4.06E-04	-4.04E-04	-4.02E-04	-4.00E-04	-3.98E-04	-3.97E-04	-3.95E-04	-3.94E-04	-3.94E-04	-3.93E-04	-3.93E-04	-3.93E-04	-3.93E-04	-3.93E-04	-3.93E-04	-3.94E-04	-3.95E-04	-3.96E-04	-3.98E-04	-3.99E-04	-4.01E-04	-4.03E-04	-4.05E-04
-4.65E-04	-4.58E-04	-4.51E-04	-4.45E-04	-4.40E-04	-4.35E-04	-4.31E-04	-4.27E-04	-4.24E-04	-4.21E-04	-4.18E-04	-4.16E-04	-4.15E-04	-4.13E-04	-4.12E-04	-4.10E-04	-4.09E-04	-4.09E-04	-4.08E-04	-4.08E-04	-4.08E-04	-4.08E-04	-4.08E-04	-4.09E-04	-4.09E-04	-4.10E-04	-4.11E-04	-4.13E-04	-4.15E-04	-4.16E-04	-4.18E-04	-4.21E-04	-4.23E-04
-4.77E-04	-4.70E-04	-4.64E-04	-4.58E-04	-4.53E-04	-4.48E-04	-4.44E-04	-4.41E-04	-4.38E-04	-4.35E-04	-4.33E-04	-4.31E-04	-4.29E-04	-4.28E-04	-4.27E-04	-4.26E-04	-4.25E-04	-4.25E-04	-4.25E-04	-4.24E-04	-4.25E-04	-4.25E-04	-4.25E-04	-4.26E-04	-4.27E-04	-4.28E-04	-4.30E-04	-4.31E-04	-4.33E-04	-4.35E-04	-4.37E-04	-4.40E-04	-4.43E-04
-4.91E-04	-4.84E-04	-4.78E-04	-4.73E-04	-4.68E-04	-4.64E-04	-4.60E-04	-4.57E-04	-4.54E-04	-4.51E-04	-4.49E-04	-4.48E-04	-4.46E-04	-4.45E-04	-4.44E-04	-4.43E-04	-4.43E-04	-4.43E-04	-4.43E-04	-4.43E-04	-4.43E-04	-4.44E-04	-4.44E-04	-4.45E-04	-4.46E-04	-4.48E-04	-4.49E-04	-4.51E-04	-4.53E-04	-4.55E-04	-4.58E-04	-4.60E-04	-4.63E-04
-5.07E-04	-5.00E-04	-4.95E-04	-4.89E-04	-4.85E-04	-4.81E-04	-4.77E-04	-4.74E-04	-4.71E-04	-4.69E-04	-4.67E-04	-4.66E-04	-4.64E-04	-4.63E-04	-4.63E-04	-4.62E-04	-4.62E-04	-4.62E-04	-4.62E-04	-4.62E-04	-4.63E-04	-4.63E-04	-4.64E-04	-4.65E-04	-4.67E-04	-4.68E-04	-4.70E-04	-4.72E-04	-4.74E-04	-4.76E-04	-4.79E-04	-4.82E-04	-4.85E-04
-5.24E-04	-5.18E-04	-5.12E-04	-5.07E-04	-5.03E-04	-4.99E-04	-4.96E-04	-4.93E-04	-4.90E-04	-4.88E-04	-4.86E-04	-4.85E-04	-4.84E-04	-4.83E-04	-4.83E-04	-4.82E-04	-4.82E-04	-4.82E-04	-4.82E-04	-4.83E-04	-4.84E-04	-4.84E-04	-4.85E-04	-4.87E-04	-4.88E-04	-4.90E-04	-4.92E-04	-4.94E-04	-4.96E-04	-4.98E-04	-5.01E-04	-5.04E-04	-5.07E-04
-5.43E-04	-5.37E-04	-5.31E-04	-5.27E-04	-5.22E-04	-5.19E-04	-5.15E-04	-5.13E-04	-5.10E-04	-5.08E-04	-5.07E-04	-5.06E-04	-5.05E-04	-5.04E-04	-5.03E-04	-5.03E-04	-5.03E-04	-5.04E-04	-5.04E-04	-5.05E-04	-5.05E-04	-5.06E-04	-5.07E-04	-5.09E-04	-5.10E-04	-5.12E-04	-5.14E-04	-5.16E-04	-5.18E-04	-5.21E-04	-5.24E-04	-5.27E-04	-5.30E-04
-5.62E-04	-5.57E-04	-5.51E-04	-5.47E-04	-5.43E-04	-5.39E-04	-5.36E-04	-5.33E-04	-5.31E-04	-5.29E-04	-5.28E-04	-5.27E-04	-5.26E-04	-5.26E-04	-5.25E-04	-5.25E-04	-5.25E-04	-5.26E-04	-5.26E-04	-5.27E-04	-5.28E-04	-5.29E-04	-5.30E-04	-5.32E-04	-5.33E-04	-5.35E-04	-5.37E-04	-5.39E-04	-5.42E-04	-5.44E-04	-5.47E-04	-5.50E-04	-5.53E-04
-5.83E-04	-5.77E-04	-5.72E-04	-5.68E-04	-5.64E-04	-5.60E-04	-5.57E-04	-5.55E-04	-5.53E-04	-5.51E-04	-5.50E-04	-5.49E-04	-5.48E-04	-5.48E-04	-5.48E-04	-5.48E-04	-5.48E-04	-5.49E-04	-5.49E-04	-5.50E-04	-5.51E-04	-5.52E-04	-5.53E-04	-5.55E-04	-5.57E-04	-5.59E-04	-5.61E-04	-5.63E-04	-5.65E-04	-5.68E-04	-5.71E-04	-5.74E-04	-5.77E-04
-6.04E-04	-5.99E-04	-5.94E-04	-5.89E-04	-5.86E-04	-5.82E-04	-5.80E-04	-5.77E-04	-5.75E-04	-5.74E-04	-5.73E-04	-5.72E-04	-5.71E-04	-5.71E-04	-5.71E-04	-5.71E-04	-5.71E-04	-5.72E-04	-5.73E-04	-5.74E-04	-5.75E-04	-5.76E-04	-5.77E-04	-5.79E-04	-5.81E-04	-5.83E-04	-5.85E-04	-5.87E-04	-5.90E-04	-5.92E-04	-5.95E-04	-5.98E-04	-6.01E-04
-6.26E-04	-6.21E-04	-6.16E-04	-6.12E-04	-6.08E-04	-6.05E-04	-6.02E-04	-6.00E-04	-5.98E-04	-5.97E-04	-5.96E-04	-5.95E-04	-5.95E-04	-5.94E-04	-5.94E-04	-5.95E-04	-5.95E-04	-5.96E-04	-5.96E-04	-5.97E-04	-5.99E-04	-6.00E-04	-6.01E-04	-6.03E-04	-6.05E-04	-6.07E-04	-6.09E-04	-6.11E-04	-6.14E-04	-6.17E-04	-6.20E-04	-6.23E-04	-6.26E-04
-6.48E-04	-6.43E-04	-6.38E-04	-6.34E-04	-6.31E-04	-6.28E-04	-6.25E-04	-6.23E-04	-6.22E-04	-6.20E-04	-6.19E-04	-6.19E-04	-6.18E-04	-6.18E-04	-6.18E-04	-6.18E-04	-6.19E-04	-6.20E-04	-6.21E-04	-6.22E-04	-6.23E-04	-6.24E-04	-6.26E-04	-6.27E-04	-6.29E-04	-6.31E-04	-6.33E-04	-6.36E-04	-6.38E-04	-6.41E-04	-6.44E-04	-6.47E-04	-6.51E-04
-6.70E-04	-6.66E-04	-6.61E-04	-6.57E-04	-6.54E-04	-6.51E-04	-6.49E-04	-6.47E-04	-6.45E-04	-6.44E-04	-6.43E-04	-6.42E-04	-6.42E-04	-6.42E-04	-6.42E-04	-6.43E-04	-6.43E-04	-6.44E-04	-6.45E-04	-6.46E-04	-6.47E-04	-6.49E-04	-6.50E-04	-6.52E-04	-6.54E-04	-6.56E-04	-6.58E-04	-6.61E-04	-6.63E-04	-6.66E-04	-6.69E-04	-6.72E-04	-6.75E-04
-6.93E-04	-6.88E-04	-6.84E-04	-6.81E-04	-6.77E-04	-6.75E-04	-6.72E-04	-6.70E-04	-6.69E-04	-6.68E-04	-6.67E-04	-6.66E-04	-6.66E-04	-6.66E-04	-6.66E-04	-6.67E-04	-6.68E-04	-6.68E-04	-6.69E-04	-6.70E-04	-6.72E-04	-6.73E-04	-6.75E-04	-6.77E-04	-6.79E-04	-6.81E-04	-6.83E-04	-6.85E-04	-6.88E-04	-6.91E-04	-6.94E-04	-6.97E-04	-7.00E-04
-7.16E-04	-7.11E-04	-7.07E-04	-7.04E-04	-7.01E-04	-6.98E-04	-6.96E-04	-6.94E-04	-6.93E-04	-6.92E-04	-6.91E-04	-6.91E-04	-6.90E-04	-6.90E-04	-6.91E-04	-6.91E-04	-6.92E-04	-6.93E-04	-6.94E-04	-6.95E-04	-6.96E-04	-6.98E-04	-6.99E-04	-7.01E-04	-7.03E-04	-7.05E-04	-7.08E-04	-7.10E-04	-7.13E-04	-7.15E-04	-7.18E-04	-7.21E-04	-7.25E-04
-7.39E-04	-7.35E-04	-7.31E-04	-7.27E-04	-7.24E-04	-7.22E-04	-7.20E-04	-7.18E-04	-7.17E-04	-7.16E-04	-7.15E-04	-7.15E-04	-7.15E-04	-7.15E-04	-7.15E-04	-7.16E-04	-7.16E-04	-7.17E-04	-7.18E-04	-7.19E-04	-7.21E-04	-7.22E-04	-7.24E-04	-7.26E-04	-7.28E-04	-7.30E-04	-7.32E-04	-7.35E-04	-7.37E-04	-7.40E-04	-7.43E-04	-7.46E-04	-7.49E-04
-7.62E-04	-7.58E-04	-7.54E-04	-7.51E-04	-7.48E-04	-7.46E-04	-7.43E-04	-7.42E-04	-7.41E-04	-7.40E-04	-7.39E-04	-7.39E-04	-7.39E-04	-7.39E-04	-7.39E-04	-7.40E-04	-7.41E-04	-7.42E-04	-7.43E-04	-7.44E-04	-7.45E-04	-7.47E-04	-7.49E-04	-7.50E-04	-7.52E-04	-7.55E-04	-7.57E-04	-7.59E-04	-7.62E-04	-7.65E-04	-7.67E-04	-7.70E-04	-7.74E-04
-7.85E-04	-7.81E-04	-7.77E-04	-7.74E-04	-7.71E-04	-7.69E-04	-7.67E-04	-7.66E-04	-7.65E-04	-7.64E-04	-7.63E-04	-7.63E-04	-7.63E-04	-7.63E-04	-7.64E-04	-7.64E-04	-7.65E-04	-7.66E-04	-7.67E-04	-7.68E-04	-7.70E-04	-7.71E-04	-7.73E-04	-7.75E-04	-7.77E-04	-7.79E-04	-7.81E-04	-7.84E-04	-7.86E-04	-7.89E-04	-7.92E-04	-7.95E-04	-7.98E-04
-8.08E-04	-8.04E-04	-8.01E-04	-7.98E-04	-7.95E-04	-7.93E-04	-7.91E-04	-7.89E-04	-7.88E-04	-7.88E-04	-7.87E-04	-7.87E-04	-7.87E-04	-7.87E-04	-7.88E-04	-7.88E-04	-7.89E-04	-7.90E-04	-7.91E-04	-7.93E-04	-7.94E-04	-7.96E-04	-7.97E-04	-7.99E-04	-8.01E-04	-8.03E-04	-8.06E-04	-8.08E-04	-8.11E-04	-8.13E-04	-8.16E-04	-8.19E-04	-8.22E-04
-8.30E-04	-8.27E-04	-8.24E-04	-8.21E-04	-8.18E-04	-8.16E-04	-8.14E-04	-8.13E-04	-8.12E-04	-8.11E-04	-8.11E-04	-8.11E-04	-8.11E-04	-8.11E-04	-8.12E-04	-8.12E-04	-8.13E-04	-8.14E-04	-8.15E-04	-8.17E-04	-8.18E-04	-8.20E-04	-8.22E-04	-8.23E-04	-8.25E-04	-8.27E-04	-8.30E-04	-8.32E-04	-8.35E-04	-8.37E-04	-8.40E-04	-8.43E-04	-8.46E-04
-8.53E-04	-8.50E-04	-8.47E-04	-8.44E-04	-8.41E-04	-8.39E-04	-8.38E-04	-8.36E-04	-8.36E-04	-8.35E-04	-8.34E-04	-8.34E-04	-8.35E-04	-8.35E-04	-8.35E-04	-8.36E-04	-8.37E-04	-8.38E-04	-8.39E-04	-8.41E-04	-8.42E-04	-8.44E-04	-8.45E-04	-8.47E-04	-8.49E-04	-8.51E-04	-8.54E-04	-8.56E-04	-8.59E-04	-8.61E-04	-8.64E-04	-8.67E-04	-8.70E-04
-8.76E-04	-8.72E-04	-8.69E-04	-8.67E-04	-8.65E-04	-8.63E-04	-8.61E-04	-8.60E-04	-8.59E-04	-8.58E-04	-8.58E-04	-8.58E-04	-8.58E-04	-8.58E-04	-8.59E-04	-8.60E-04	-8.61E-04	-8.62E-04	-8.63E-04	-8.64E-04	-8.66E-04	-8.67E-04	-8.69E-04	-8.71E-04	-8.73E-04	-8.75E-04	-8.77E-04	-8.80E-04	-8.82E-04	-8.85E-04	-8.87E-04	-8.90E-04	-8.93E-04
-8.98E-04	-8.95E-04	-8.92E-04	-8.90E-04	-8.87E-04	-8.85E-04	-8.84E-04	-8.83E-04	-8.82E-04	-8.81E-04	-8.81E-04	-8.81E-04	-8.81E-04	-8.82E-04	-8.82E-04	-8.83E-04	-8.84E-04	-8.85E-04	-8.86E-04	-8.88E-04	-8.89E-04	-8.91E-04	-8.93E-04	-8.95E-04	-8.97E-04	-8.99E-04	-9.01E-04	-9.03E-04	-9.06E-04	-9.08E-04	-9.11E-04	-9.14E-04	-9.17E-04
-9.20E-04	-9.17E-04	-9.15E-04	-9.12E-04	-9.10E-04	-9.08E-04	-9.07E-04	-9.06E-04	-9.05E-04	-9.04E-04	-9.04E-04	-9.04E-04	-9.04E-04	-9.05E-04	-9.06E-04	-9.06E-04	-9.07E-04	-9.08E-04	-9.10E-04	-9.11E-04	-9.13E-04	-9.14E-04	-9.16E-04	-9.18E-04	-9.20E-04	-9.22E-04	-9.24E-04	-9.26E-04	-9.29E-04	-9.31E-04	-9.34E-04	-9.37E-04	-9.40E-04
-9.42E-04	-9.39E-04	-9.37E-04	-9.34E-04	-9.32E-04	-9.31E-04	-9.29E-04	-9.28E-04	-9.28E-04	-9.27E-04	-9.27E-04	-9.27E-04	-9.27E-04	-9.28E-04	-9.28E-04	-9.29E-04	-9.30E-04	-9.31E-04	-9.33E-04	-9.34E-04	-9.36E-04	-9.37E-04	-9.39E-04	-9.41E-04	-9.43E-04	-9.45E-04	-9.47E-04	-9.49E-04	-9.52E-04	-9.54E-04	-9.57E-04	-9.60E-04	-9.62E-04
-9.64E-04	-9.61E-04	-9.59E-04	-9.56E-04	-9.55E-04	-9.53E-04	-9.52E-04	-9.51E-04	-9.50E-04	-9.50E-04	-9.50E-04	-9.50E-04	-9.50E-04	-9.50E-04	-9.51E-04	-9.52E-04	-9.53E-04	-9.54E-04	-9.55E-04	-9.57E-04	-9.58E-04	-9.60E-04	-9.62E-04	-9.64E-04	-9.65E-04	-9.68E-04	-9.70E-04	-9.72E-04	-9.74E-04	-9.77E-04	-9.79E-04	-9.82E-04	-9.85E-04
-9.85E-04	-9.83E-04	-9.80E-04	-9.78E-04	-9.76E-04	-9.75E-04	-9.74E-04	-9.73E-04	-9.72E-04	-9.72E-04	-9.72E-04	-9.72E-04	-9.72E-04	-9.73E-04	-9.74E-04	-9.74E-04	-9.75E-04	-9.77E-04	-9.78E-04	-9.79E-04	-9.81E-04	-9.82E-04	-9.84E-04	-9.86E-04	-9.88E-04	-9.90E-04	-9.92E-04	-9.94E-04	-9.97E-04	-9.99E-04	-1.00E-03	-1.00E-03	-1.01E-03
-1.01E-03	-1.00E-03	-1.00E-03	-1.00E-03	-9.98E-04	-9.97E-04	-9.96E-04	-9.95E-04	-9.94E-04	-9.94E-04	-9.94E-04	-9.94E-04	-9.94E-04	-9.95E-04	-9.96E-04	-9.97E-04	-9.98E-04	-9.99E-04	-1.00E-03	-1.00E-03	-1.00E-03	-1.00E-03	-1.01E-03	-1.01E-03	-1.01E-03	-1.01E-03	-1.01E-03	-1.02E-03	-1.02E-03	-1.02E-03	-1.02E-03	-1.03E-03	-1.03E-03
-1.03E-03	-1.03E-03	-1.02E-03	-1.02E-03	-1.02E-03	-1.02E-03	-1.02E-03	-1.02E-03	-1.02E-03	-1.02E-03	-1.02E-03	-1.02E-03	-1.02E-03	-1.02E-03	-1.02E-03	-1.02E-03	-1.02E-03	-1.02E-03	-1.02E-03	-1.02E-03	-1.02E-03	-1.03E-03	-1.03E-03	-1.03E-03	-1.03E-03	-1.03E-03	-1.04E-03	-1.04E-03	-1.04E-03	-1.04E-03	-1.05E-03	-1.05E-03	-1.05E-03
-1.05E-03	-1.05E-03	-1.04E-03	-1.04E-03	-1.04E-03	-1.04E-03	-1.04E-03	-1.04E-03	-1.04E-03	-1.04E-03	-1.04E-03	-1.04E-03	-1.04E-03	-1.04E-03	-1.04E-03	-1.04E-03	-1.04E-03	-1.04E-03	-1.04E-03	-1.05E-03	-1.05E-03	-1.05E-03	-1.05E-03	-1.05E-03	-1.05E-03	-1.06E-03	-1.06E-03	-1.06E-03	-1.06E-03	-1.06E-03	-1.07E-03	-1.07E-03	-1.07E-03
-1.07E-03	-1.07E-03	-1.06E-03	-1.06E-03	-1.06E-03	-1.06E-03	-1.06E-03	-1.06E-03	-1.06E-03	-1.06E-03	-1.06E-03	-1.06E-03	-1.06E-03	-1.06E-03	-1.06E-03	-1.06E-03	-1.06E-03	-1.06E-03	-1.07E-03	-1.07E-03	-1.07E-03	-1.07E-03	-1.07E-03	-1.07E-03	-1.08E-03	-1.08E-03	-1.08E-03	-1.08E-03	-1.08E-03	-1.09E-03	-1.09E-03	-1.09E-03	-1.09E-03
-1.09E-03	-1.09E-03	-1.09E-03	-1.08E-03	-1.08E-03	-1.08E-03	-1.08E-03	-1.08E-03	-1.08E-03	-1.08E-03	-1.08E-03	-1.08E-03	-1.08E-03	-1.08E-03	-1.08E-03	-1.08E-03	-1.08E-03	-1.08E-03	-1.09E-03	-1.09E-03	-1.09E-03	-1.09E-03	-1.09E-03	-1.09E-03	-1.10E-03	-1.10E-03	-1.10E-03	-1.10E-03	-1.10E-03	-1.11E-03	-1.11E-03	-1.11E-03	-1.11E-03
-1.11E-03	-1.11E-03	-1.11E-03	-1.10E-03	-1.10E-03	-1.10E-03	-1.10E-03	-1.10E-03	-1.10E-03	-1.10E-03	-1.10E-03	-1.10E-03	-1.10E-03	-1.10E-03	-1.10E-03	-1.10E-03	-1.10E-03	-1.11E-03	-1.11E-03	-1.11E-03	-1.11E-03	-1.11E-03	-1.11E-03	-1.12E-03	-1.12E-03	-1.12E-03	-1.12E-03	-1.12E-03	-1.13E-03	-1.13E-03	-1.13E-03	-1.13E-03	-1.13E-03
-1.13E-03	-1.13E-03	-1.13E-03	-1.12E-03	-1.12E-03	-1.12E-03	-1.12E-03	-1.12E-03	-1.12E-03	-1.12E-03	-1.12E-03	-1.12E-03	-1.12E-03	-1.12E-03	-1.12E-03	-1.12E-03	-1.12E-03	-1.13E-03	-1.13E-03	-1.13E-03	-1.13E-03	-1.13E-03	-1.13E-03	-1.14E-03	-1.14E-03	-1.14E-03	-1.14E-03	-1.14E-03	-1.15E-03	-1.15E-03	-1.15E-03	-1.15E-03	-1.16E-03
-1.15E-03	-1.15E-03	-1.15E-03	-1.14E-03	-1.14E-03	-1.14E-03	-1.14E-03	-1.14E-03	-1.14E-03	-1.14E-03	-1.14E-03	-1.14E-03	-1.14E-03	-1.14E-03	-1.14E-03	-1.14E-03	-1.15E-03	-1.15E-03	-1.15E-03	-1.15E-03	-1.15E-03	-1.15E-03	-1.15E-03	-1.16E-03	-1.16E-03	-1.16E-03	-1.16E-03	-1.16E-03	-1.17E-03	-1.17E-03	-1.17E-03	-1.17E-03	-1.18E-03
-1.17E-03	-1.17E-03	-1.16E-03	-1.16E-03	-1.16E-03	-1.16E-03	-1.16E-03	-1.16E-03	-1.16E-03	-1.16E-03	-1.16E-03	-1.16E-03	-1.16E-03	-1.16E-03	-1.16E-03	-1.16E-03	-1.17E-03	-1.17E-03	-1.17E-03	-1.17E-03	-1.17E-03	-1.17E-03	-1.17E-03	-1.18E-03	-1.18E-03	-1.18E-03	-1.18E-03	-1.18E-03	-1.19E-03	-1.19E-03	-1.19E-03	-1.19E-03	-1.20E-03
-1.19E-03	-1.19E-03	-1.18E-03	-1.18E-03	-1.18E-03	-1.18E-03	-1.18E-03	-1.18E-03	-1.18E-03	-1.18E-03	-1.18E-03	-1.18E-03	-1.18E-03	-1.18E-03	-1.18E-03	-1.18E-03	-1.19E-03	-1.19E-03	-1.19E-03	-1.19E-03	-1.19E-03	-1.19E-03	-1.19E-03	-1.20E-03	-1.20E-03	-1.20E-03	-1.20E-03	-1.20E-03	-1.21E-03	-1.21E-03	-1.21E-03	-1.21E-03	-1.21E-03
-1.21E-03	-1.20E-03	-1.20E-03	-1.20E-03	-1.20E-03	-1.20E-03	-1.20E-03	-1.20E-03	-1.20E-03	-1.20E-03	-1.20E-03	-1.20E-03	-1.20E-03	-1.20E-03	-1.20E-03	-1.20E-03	-1.20E-03	-1.21E-03	-1.21E-03	-1.21E-03	-1.21E-03	-1.21E-03	-1.21E-03	-1.22E-03	-1.22E-03	-1.22E-03	-1.22E-03	-1.22E-03	-1.23E-03	-1.23E-03	-1.23E-03	-1.23E-03	-1.23E-03
-1.22E-03	-1.22E-03	-1.22E-03	-1.22E-03	-1.22E-03	-1.22E-03	-1.22E-03	-1.22E-03	-1.22E-03	-1.22E-03	-1.22E-03	-1.22E-03	-1.22E-03	-1.22E-03	-1.22E-03	-1.22E-03	-1.22E-03	-1.23E-03	-1.23E-03	-1.23E-03	-1.23E-03	-1.23E-03	-1.23E-03	-1.23E-03	-1.24E-03	-1.24E-03	-1.24E-03	-1.24E-03	-1.24E-03	-1.25E-03	-1.25E-03	-1.25E-03	-1.25E-03
-1.24E-03	-1.24E-03	-1.24E-03	-1.24E-03	-1.24E-03	-1.24E-03	-1.24E-03	-1.24E-03	-1.24E-03	-1.24E-03	-1.24E-03	-1.24E-03	-1.24E-03	-1.24E-03	-1.24E-03	-1.24E-03	-1.24E-03	-1.24E-03	-1.25E-03	-1.25E-03	-1.25E-03	-1.25E-03	-1.25E-03	-1.25E-03	-1.26E-03	-1.26E-03	-1.26E-03	-1.26E-03	-1.26E-03	-1.27E-03	-1.27E-03	-1.27E-03	-1.27E-03
-1.26E-03	-1.26E-03	-1.26E-03	-1.26E-03	-1.26E-03	-1.26E-03	-1.26E-03	-1.26E-03	-1.26E-03	-1.26E-03	-1.26E-03	-1.26E-03	-1.26E-03	-1.26E-03	-1.26E-03	-1.26E-03	-1.26E-03	-1.26E-03	-1.26E-03	-1.27E-03	-1.27E-03	-1.27E-03	-1.27E-03	-1.27E-03	-1.27E-03	-1.28E-03	-1.28E-03	-1.28E-03	-1.28E-03	-1.28E-03	-1.29E-03	-1.29E-03	-1.29E-03
-1.28E-03	-1.28E-03	-1.28E-03	-1.28E-03	-1.27E-03	-1.27E-03	-1.27E-03	-1.27E-03	-1.27E-03	-1.27E-03	-1.27E-03	-1.28E-03	-1.28E-03	-1.28E-03	-1.28E-03	-1.28E-03	-1.28E-03	-1.28E-03	-1.28E-03	-1.28E-03	-1.29E-03	-1.29E-03	-1.29E-03	-1.29E-03	-1.29E-03	-1.29E-03	-1.30E-03	-1.30E-03	-1.30E-03	-1.30E-03	-1.30E-03	-1.31E-03	-1.31E-03
-1.30E-03	-1.29E-03	-1.29E-03	-1.29E-03	-1.29E-03	-1.29E-03	-1.29E-03	-1.29E-03	-1.29E-03	-1.29E-03	-1.29E-03	-1.29E-03	-1.29E-03	-1.30E-03	-1.30E-03	-1.30E-03	-1.30E-03	-1.30E-03	-1.30E-03	-1.30E-03	-1.30E-03	-1.31E-03	-1.31E-03	-1.31E-03	-1.31E-03	-1.31E-03	-1.32E-03	-1.32E-03	-1.32E-03	-1.32E-03	-1.32E-03	-1.33E-03	-1.33E-03
-1.31E-03	-1.31E-03	-1.31E-03	-1.31E-03	-1.31E-03	-1.31E-03	-1.31E-03	-1.31E-03	-1.31E-03	-1.31E-03	-1.31E-03	-1.31E-03	-1.31E-03	-1.31E-03	-1.31E-03	-1.32E-03	-1.32E-03	-1.32E-03	-1.32E-03	-1.32E-03	-1.32E-03	-1.32E-03	-1.33E-03	-1.33E-03	-1.33E-03	-1.33E-03	-1.33E-03	-1.34E-03	-1.34E-03	-1.34E-03	-1.34E-03	-1.34E-03	-1.35E-03
-1.33E-03	-1.33E-03	-1.33E-03	-1.33E-03	-1.33E-03	-1.33E-03	-1.33E-03	-1.33E-03	-1.33E-03	-1.33E-03	-1.33E-03	-1.33E-03	-1.33E-03	-1.33E-03	-1.33E-03	-1.33E-03	-1.33E-03	-1.34E-03	-1.34E-03	-1.34E-03	-1.34E-03	-1.34E-03	-1.34E-03	-1.35E-03	-1.35E-03	-1.35E-03	-1.35E-03	-1.35E-03	-1.36E-03	-1.36E-03	-1.36E-03	-1.36E-03	-1.36E-03
-1.35E-03	-1.35E-03	-1.35E-03	-1.35E-03	-1.35E-03	-1.35E-03	-1.35E-03	-1.35E-03	-1.35E-03	-1.35E-03	-1.35E-03	-1.35E-03	-1.35E-03	-1.35E-03	-1.35E-03	-1.35E-03	-1.35E-03	-1.35E-03	-1.36E-03	-1.36E-03	-1.36E-03	-1.36E-03	-1.36E-03	-1.36E-03	-1.37E-03	-1.37E-03	-1.37E-03	-1.37E-03	-1.37E-03	-1.38E-03	-1.38E-03	-1.38E-03	-1.38E-03
-1.36E-03	-1.36E-03	-1.36E-03	-1.36E-03	-1.36E-03	-1.36E-03	-1.36E-03	-1.36E-03	-1.36E-03	-1.36E-03	-1.36E-03	-1.36E-03	-1.37E-03	-1.37E-03	-1.37E-03	-1.37E-03	-1.37E-03	-1.37E-03	-1.37E-03	-1.37E-03	-1.38E-03	-1.38E-03	-1.38E-03	-1.38E-03	-1.38E-03	-1.39E-03	-1.39E-03	-1.39E-03	-1.39E-03	-1.39E-03	-1.39E-03	-1.40E-03	-1.40E-03
-1.38E-03	-1.38E-03	-1.38E-03	-1.38E-03	-1.38E-03	-1.38E-03	-1.38E-03	-1.38E-03	-1.38E-03	-1.38E-03	-1.38E-03	-1.38E-03	-1.38E-03	-1.38E-03	-1.39E-03	-1.39E-03	-1.39E-03	-1.39E-03	-1.39E-03	-1.39E-03	-1.39E-03	-1.40E-03	-1.40E-03	-1.40E-03	-1.40E-03	-1.40E-03	-1.40E-03	-1.41E-03	-1.41E-03	-1.41E-03	-1.41E-03	-1.41E-03	-1.42E-03
