  12.9305183
  12.0429675
  11.2163383
  10.4464488
  9.72940457
  9.06157825
  8.43959152
  7.86029796
  7.32076712
  6.81826967
  6.35026364
  5.91438155
  5.5084184
  5.13032057
  4.77817537
  4.45020141
  4.14473959
  3.86024467
  3.59527748
  3.34849763
  3.11865676
  2.90459216
  2.70522096
  2.51953459
  2.34659374
  2.18552355
  2.03550921
  1.89579186
  1.76566471
  1.64446948
  1.5315931
  1.42646455
  1.32855202
  1.23736021
  1.15242781
  1.07332517
  0.999652127
  0.931036005
  0.867129694
  0.807609913
  0.752175569
  0.700546238
  0.652460745
  0.60767584
  0.565964971
  0.527117135
  0.490935815
  0.457237981
  0.425853167
  0.396622606
  12.9305183
  12.0429675
  11.2163383
  10.4464488
  9.72940457
  9.06157825
  8.43959152
  7.86029796
  7.32076712
  6.81826967
  6.35026364
  5.91438155
  5.5084184
  5.13032057
  4.77817537
  4.45020141
  4.14473959
  3.86024467
  3.59527748
  3.34849763
  3.11865676
  2.90459216
  2.70522096
  2.51953459
  2.34659374
  2.18552355
  2.03550921
  1.89579186
  1.76566471
  1.64446948
  1.5315931
  1.42646455
  1.32855202
  1.23736021
  1.15242781
  1.07332517
  0.999652127
  0.931036005
  0.867129694
  0.807609913
  0.752175569
  0.700546238
  0.652460745
  0.60767584
  0.565964971
  0.527117135
  0.490935815
  0.457237981
  0.425853167
  0.396622606
