 0.0000000E+00
 0.0000000E+00
 0.0000000E+00
 0.0000000E+00
 0.0000000E+00
 0.0000000E+00
 0.0000000E+00
 0.0000000E+00
 -.7694000E-02
  1.000000    
 -.1538800E-01
 0.0000000E+00
  2.000000    
 -.7694000E-02
 0.9846120    
 -.2308200E-01
 -.3077600E-01
 -.2308200E-01
 0.9923060    
 -.2308200E-01
  2.976918    
  1.969224    
 -.7694000E-01
 -.3847000E-01
 0.9307540    
 0.9307540    
  5.946142    
 0.9461420    
  10.93075    
  2.915366    
  1.892284    
  3.915366    
  5.884590    
  7.861508    
  6.830732    
  8.807650    
  12.78457    
  14.77687    
  12.83073    
  19.73840    
  16.59991    
  31.49220    
  28.30754    
  38.01517    
  50.83820    
  36.08419    
  52.05320    
  32.73730    
  54.79072    
  46.44427    
  43.85953    
  45.60606    
  43.66036    
  37.02242    
  39.16113    
  31.85359    
  30.17674    
  28.33062    
  25.59991    
  26.70763    
  12.65377    
  13.73840    
  11.72302    
  11.81534    
  11.80765    
  11.86151    
  13.90767    
  6.907672    
  5.869202    
  1.884590    
  4.930754    
 0.9692240    
  4.915366    
  3.899978    
  4.946142    
  3.953836    
  1.976918    
  4.953836    
  1.000000    
 0.9923060    
  3.961530    
  1.969224    
 -.7694000E-02
 -.7694000E-02
 -.7694000E-02
 0.0000000E+00
 0.9846120    
  1.000000    
 -.1538800E-01
 0.9846120    
 -.1538800E-01
 0.0000000E+00
 0.0000000E+00
 -.7694000E-02
 -.7694000E-02
 0.0000000E+00
 0.0000000E+00
 0.0000000E+00
 0.0000000E+00
 -.7694000E-02
