  0.334080936694004     
  0.477901184369773     
  0.584665188463264     
  0.661549455162683     
  0.729371750594444     
  0.798867713942780     
  0.872759329064575     
  0.951516745363760     
   1.03527357102981     
   1.12411641207829     
   1.21810634119364     
   1.31727791923994     
   1.42163776163684     
   1.53116422410750     
   1.64580914013367     
   1.76550312346137     
   1.89016689643471     
   2.01973251282735     
   2.15418032832571     
   2.29360020209720     
   2.43828864145677     
   2.58889716707209     
   2.74665048646053     
   2.91365508431594     
   3.09331802820522     
   3.29089014376295     
   3.51413499266745     
   3.77410327270775     
   4.08596028353020     
   4.46977276743528     
   4.95111437548854     
   5.56130339804211     
   6.33705303434426     
   7.31930686885711     
   8.55106442601958     
   10.0740848936612     
   11.9244955176724     
   14.1275178893352     
   16.6917397699571     
   19.6035679997038     
   22.8226553876072     
   26.2791551525153     
   29.8735828712806     
   33.4798402078396     
   36.9515879703148     
   40.1316916760461     
   42.8639725803554     
   45.0060693127026     
   46.4419367669135     
   47.0924454218694     
   46.9227236069837     
   45.9452882854335     
   44.2185725044326     
   41.8410829599390     
   38.9420001509754     
   35.6694683464458     
   32.1780461716338     
   28.6167775347799     
   25.1191185189190     
   21.7955772601468     
   18.7294704995074     
   15.9757551497897     
   13.5625250035639     
   11.4945160257501     
   9.75785403205196     
   8.32529512405785     
   7.16132226334496     
   6.22663173105359     
   5.48173179523541     
   4.88955052814648     
   4.41708905132381     
   4.03625079158075     
   3.72402678072934     
   3.46222869753338     
   3.23694583757990     
   3.03787071833505     
   2.85760034387794     
   2.69098348809080     
   2.53455313751724     
   2.38605943829435     
   2.24410226688077     
   2.10785293251508     
   1.97685007452151     
   1.85085405255036     
   1.72974574147374     
   1.61345853251590     
   1.50193546002087     
   1.39510556238343     
   1.29287363675299     
   1.19511475536936     
   1.10166026270090     
   1.01225950834011     
  0.926508437334379     
  0.843759060470049     
  0.763060924642083     
  0.683218098028716     
  0.603038511902085     
  0.521778329866188     
  0.439654576246515     
  0.358185381514081     
